0,0,0,0,0,0,0.0872665,0.0872665,0,0
0.00737873,-0.000910458,0.0475326,-0.0242673,0.00170423,0.039926,0.110288,0.105347,-0.0111872,0.0176904
-0.0177185,0.00169145,0.120734,-0.0299081,-0.00140478,0.0198757,0.185418,0.116668,-0.000519175,0.0239897
0.104586,-0.00012191,0.123916,-0.0450963,-0.00161315,-0.0139826,0.158516,0.231296,0.00860734,0.0401173
0.0799748,-0.000331452,0.122614,-0.0212924,0.000814019,-0.0255199,0.141419,0.164717,-0.0102077,0.0547049
0.0894928,-0.00126847,0.154424,-0.11433,0.000242128,-0.0378113,0.152768,0.140678,0.00624855,0.0612067
0.152352,-0.000161724,0.135177,-0.123607,-0.000705514,0.0307901,0.141182,0.117384,-0.0140704,-0.0164152
0.150573,0.000656397,0.178686,-0.100598,-0.000279819,0.0568197,0.149982,0.199264,-0.181501,-0.0491578
0.127479,0.00057329,0.221655,0.00745131,0.00155922,0.00637087,0.121629,0.216541,-0.111546,-0.0735618
0.145057,0.000642003,0.236641,-0.148115,-0.00163781,-0.00417903,0.162657,0.284491,-0.110147,-0.0976405
0.0697511,0.00108378,0.159309,-0.11944,-0.000657584,-0.0137986,0.181794,0.180649,-0.106951,-0.111773
0.0549156,-0.00164868,0.148013,-0.122215,0.000622433,-0.127819,0.199805,0.185758,0.142843,-0.124339
-0.0549573,7.14123e-05,0.117699,-0.0707768,-3.47223e-05,-0.236512,0.225239,0.162016,0.0219657,-0.101789
0.0638602,0.000880982,0.17211,-0.0285452,-0.000994244,-0.245815,0.19431,0.148305,0.000605336,-0.139966
0.0469287,0.00166409,0.215182,-0.0198085,0.00170535,-0.177355,0.215966,0.137088,0.0208853,-0.122814
0.082546,0.000474307,0.240739,0.0439719,0.00153163,-0.193235,0.228513,0.0875461,-0.044737,-0.0835104
0.130214,0.00152749,0.183138,-0.00458244,0.00164428,-0.181999,0.156821,0.137575,0.0429746,-0.0724431
0.0488813,-0.000291603,0.174671,0.0343684,0.00152146,-0.173904,0.0963266,0.113216,0.0717438,-0.100448
0.0888582,-0.00146993,0.075271,0.0371412,-4.9182e-05,-0.104804,0.241065,0.140775,0.0302303,-0.12588
0.0240161,0.00138716,0.0472557,0.149433,-0.0011863,-0.120131,0.12323,0.184648,0.0330443,-0.0991561
-0.00190186,0.000857032,0.0719452,0.154883,-0.00113539,-0.114458,0.156637,0.175737,0.0623514,-0.173186
0.0355624,-0.00163859,-0.0334299,0.213555,0.000535928,-0.252961,0.15464,0.144564,-0.227008,-0.160383
0.0289256,-0.000268739,0.0199291,0.227435,0.000862591,-0.204453,0.17098,0.104226,-0.105141,-0.181577
0.0399484,-0.00145278,0.0908832,0.176472,-0.000704429,-0.195672,0.15885,0.150825,-0.0889829,-0.146028
0.0148125,0.00133526,-0.0634834,0.126707,-0.000618394,-0.156118,0.290925,0.180321,-0.0605283,-0.200786
0.0477265,-0.00011558,-0.0515968,0.0671035,0.00164392,-0.107378,0.238291,0.105426,-0.0604536,-0.217465
0.0558352,-0.00133965,-0.106204,0.0942486,0.00112613,-0.112265,0.190969,0.0999862,-0.066154,-0.258841
0.0632601,-0.00102339,-0.12119,0.101175,0.00100476,-0.184905,0.148916,0.0900655,-0.106622,-0.240669
0.0915399,-0.000528361,-0.0845823,0.128448,0.000135739,-0.172956,0.107667,0.0936451,-0.0970946,-0.232871
0.135245,-0.000790226,0.07929,0.124733,-0.000746983,-0.230577,0.127072,0.201131,-0.0376757,-0.203072
0.153683,0.000742956,0.206809,0.0404878,0.000570052,-0.224747,0.188787,0.211046,-0.178933,-0.204537
0.156797,-0.000581435,-0.11449,0.0987105,-0.000599434,-0.10377,0.106151,0.211115,-0.0928455,-0.145151
0.173162,-0.000911444,0.0260738,0.098687,-0.000248188,-0.0528868,0.13562,0.244825,-0.0921212,-0.150931
0.26835,-0.00110976,0.0364013,0.165617,0.00145883,-0.0918127,0.142373,0.245817,-0.10785,-0.151618
0.281823,4.48014e-05,-0.007702,0.171983,-0.000298693,-0.121503,0.12423,0.235763,-0.175758,-0.148008
0.268535,0.000485484,0.184133,0.163538,-0.00159022,-0.146763,0.0977739,0.274931,-0.146627,-0.0892076
0.305836,0.00134442,0.0915419,0.119116,-0.000939894,-0.127055,0.142814,0.281128,-0.14377,-0.0710416
0.397983,0.000722497,0.0546602,0.11832,-0.000267204,-0.137217,0.140458,0.354171,-0.139469,-0.087754
0.386517,-2.70499e-05,0.0741637,0.0730683,-0.000750054,-0.0874417,0.203992,0.347503,-0.158098,-0.120129
0.370946,0.00151081,0.100873,0.0347016,0.000331315,-0.0901812,0.140187,0.338537,-0.162764,-0.0342047
0.379031,0.000670265,0.0982369,-0.026275,0.000905752,-0.0472761,0.145628,0.338054,-0.178069,-0.151403
0.341207,0.00101405,0.0864231,-0.0412778,-0.0016415,-0.0456534,0.179462,0.31933,-0.134031,-0.111457
0.333356,-0.00139545,0.148227,-0.0156702,-0.000797949,-0.0319504,0.126745,0.288195,-0.153811,-0.111141
0.332974,0.000557265,0.140627,0.0162517,-0.00123745,-0.199087,0.172229,0.283972,-0.180086,-0.11411
0.350676,0.00152581,0.110908,-0.0449319,0.00147754,-0.239099,0.127891,0.276175,-0.252426,0.0524135
0.365376,0.00101278,0.190792,-0.0366553,-0.000249184,-0.155022,0.121084,0.150194,-0.223862,-0.0145522
0.520125,0.000122367,0.165062,-0.0619851,0.00155962,-0.140194,0.154804,0.134695,-0.207082,-0.0144272
0.484148,-0.000787376,0.157415,-0.0873178,0.00168534,-0.129662,0.135768,0.115453,-0.195092,0.117082
0.415919,0.00083168,0.152111,-0.108187,-0.00170022,-0.028995,0.114454,0.111743,-0.0952394,0.124784
0.376628,-0.000496493,0.146477,-0.101882,-0.00143694,-0.0462701,0.0926137,0.104368,-0.08773,0.132921
0.299229,0.000772871,0.147278,-0.140743,7.65026e-05,-0.0498077,0.182469,0.162928,0.0394508,0.0713912
0.247545,-0.000825985,0.08971,-0.147515,0.00104757,0.0696518,0.459146,0.187851,0.0635577,0.0458237
0.2824,-0.000825771,0.140571,-0.139921,-0.00123157,0.10841,0.462821,0.209426,0.15541,-0.200046
0.226517,-0.0012151,0.072497,-0.0976127,-0.00137704,0.084925,0.437239,0.217722,0.516844,-0.246893
0.213469,0.0011835,0.107768,-0.0466932,0.000293133,0.0400781,0.314207,0.248279,0.227164,-0.169507
0.128509,0.000435331,0.0792652,-0.0528081,0.00143895,0.0222304,0.317628,0.218469,0.120572,-0.189771
0.12935,-0.000585028,-0.0043728,-0.127729,0.00165751,-0.029,0.302864,0.370576,-0.0652538,-0.153473
0.113786,-1.2465e-05,-0.0155909,-0.0532495,-0.00116056,-0.0396222,0.21836,0.305703,-0.0822207,-0.111148
0.152766,-0.000950688,-0.0591678,-0.0283581,0.000241303,-0.0318037,0.25389,0.32543,-0.079147,-0.0570043
0.187923,-0.00106264,-0.19069,-0.0422081,1.06964e-05,-0.0710943,0.206693,0.398519,-0.0460162,-0.00500488
0.148556,-0.00119168,-0.162179,0.0276649,0.00132142,-0.128973,0.202681,0.476158,-0.169608,0.0159855
0.169273,-0.000680384,-0.0970537,0.032956,0.000408988,-0.121977,0.207809,0.402547,-0.164055,0.018998
0.116796,0.00144517,-0.0422979,0.148654,-0.00145013,-0.203497,0.27576,0.411676,-0.176906,0.0208587
0.0316906,-0.000582427,-0.0671418,0.161262,0.00150473,-0.130435,0.223441,0.381148,-0.178707,0.0160417
0.0100771,0.00157945,-0.124167,0.275038,-0.00064313,-0.184567,0.176857,0.326293,-0.226598,0.00549516
-0.0677194,-0.000137417,-0.0267163,0.263539,-0.00110245,-0.127718,0.201916,0.292862,-0.108265,0.0146083
-0.189435,-0.00118369,-0.0181243,0.240879,-0.00025345,-0.0700348,0.202412,0.296004,-0.125392,0.0144576
-0.232612,0.000140739,-0.0753526,0.309534,-0.0010709,-0.0633313,0.1642,0.270299,-0.134703,-0.00375835
-0.201607,-0.000591576,-0.0801768,0.330274,-0.00134545,-0.0293191,0.209531,0.364229,0.0194222,-0.0234933
-0.051585,-0.00136206,-0.168793,0.340694,-0.000716905,0.0486758,0.255135,0.340436,-0.0738443,0.0723291
0.133965,0.000686756,-0.22639,0.248135,-1.38593e-05,0.112417,0.28662,0.331948,-0.175493,0.0608556
0.154681,-0.000265683,-0.227236,0.153954,-0.000990767,0.104716,0.379579,0.323151,-0.164241,0.0631767
0.136523,-0.000888433,-0.22514,0.121232,-0.000207304,0.116161,0.365743,0.277261,-0.144845,0.0597453
0.126488,-0.000483079,-0.0644479,0.161928,-0.000277645,0.211122,0.285717,0.1965,-0.142943,0.0640007
0.178085,0.00161551,-0.0894022,0.178773,-0.000962338,0.220713,0.120343,0.222463,-0.153017,0.151019
0.202542,-0.000561844,-0.0661856,0.162518,-0.000449206,0.245657,0.339195,0.257542,-0.172146,0.16567
0.195307,0.000283782,0.0673054,0.163383,0.000414888,0.226039,0.255434,0.279861,-0.218526,-0.240658
0.25252,-0.00140583,-0.028636,0.184031,-0.00137517,0.18251,0.260701,0.281267,-0.114772,-0.0212809
0.327379,0.000699467,0.0985305,0.174668,-0.00155902,0.0887187,0.217851,0.303923,-0.112742,-0.0455109
0.25287,0.000466971,0.110434,0.0168055,0.00041731,0.0496021,0.158602,0.174155,-0.22184,-0.0178738
0.205664,0.000565168,0.131791,-0.114017,-0.001257,0.0305765,0.149025,0.185287,-0.146013,-0.00801455
0.224374,-6.67268e-05,0.148044,-0.163999,-0.00155344,0.0383445,0.0990821,0.197554,-0.0541995,0.0881216
0.242892,-0.00111169,0.146394,-0.0870079,-0.00089925,-0.0101333,0.111684,0.0900663,-0.10641,-0.12486
0.238726,0.000160662,0.180769,-0.122596,-0.00152773,0.110899,0.120376,0.166381,-0.0214381,-0.0443708
0.124651,8.14457e-05,0.119788,-0.216266,-4.80606e-05,0.180055,0.284691,0.256737,-0.130206,-0.103889
0.262367,-0.000785374,0.134146,-0.146796,-0.000903264,-0.0788163,0.236692,0.256884,-0.143928,-0.121991
0.397437,0.000961643,0.131025,-0.0970574,-0.00122547,-0.159634,0.183336,0.310904,-0.207621,0.0139037
0.228918,0.00105764,0.0167443,-0.253732,0.00075214,-0.0159875,0.276373,0.187208,-0.131337,-0.0559191
0.14629,0.00136023,0.068261,-0.13454,0.00172828,0.0845972,0.287689,0.156539,0.0324644,-0.0368512
0.404496,0.000202425,0.114877,-0.149138,-2.78203e-05,0.0815582,0.286279,0.100636,-0.0933695,-0.0348241
0.464133,0.00153002,0.093655,-0.182903,0.000597774,0.0580569,0.260194,0.104424,0.0489682,-0.0398694
0.452978,0.000442433,0.103248,-0.176732,0.000481894,0.0470187,0.36277,0.184976,0.00349802,-0.0496161
0.462249,-0.000214001,0.130469,0.046541,-0.00076599,0.139217,0.339052,0.179043,0.502384,-0.122773
0.295352,0.00120063,0.049714,0.0238778,0.000456945,-0.00591131,0.449307,0.188019,0.194605,-0.184332
0.163511,-0.000938009,-0.0674951,0.0145402,-0.000131555,-0.0218827,0.394538,0.174167,-0.052774,-0.107422
0.0464587,0.000713621,-0.0334376,0.0561087,-0.000383945,-0.00880439,0.374038,0.14447,-0.0607165,-0.110944
0.0364477,0.000496697,-0.154144,0.0958625,-0.000549432,0.00866792,0.122555,0.110221,-0.0498026,-0.128517
0.243173,-0.00111995,-0.166078,-0.0337556,4.08487e-05,-0.0376214,0.190732,0.106904,-0.11797,-0.175299
0.268278,0.00089692,-0.208029,-0.00253119,-0.0016502,-0.0313049,0.187935,0.152479,-0.112615,-0.107867
0.282333,0.000970323,-0.0342947,-0.0033095,0.00114743,-0.0361647,0.165487,0.168141,-0.11079,0.220979
0.242534,0.00144077,-0.00284876,0.247183,0.00160252,-0.0858606,0.16216,0.381366,-0.0509903,0.108988
0.25958,-0.000425909,-0.0166731,0.13395,-0.00150671,-0.138786,0.13249,0.439457,-0.044411,0.396725
0.0636382,-0.000543561,0.00442148,0.00745931,-0.000108448,-0.153376,0.12613,0.421771,-0.182502,0.376632
-0.0390024,0.000703466,-0.103612,0.351942,-0.000757321,-0.148097,0.0969554,0.429862,-0.13953,0.102432
-0.0323008,0.000345814,0.101337,0.339165,-0.000585785,-0.0793962,0.184127,0.41805,-0.113866,0.100988
-0.108553,-0.000990479,0.048882,0.22616,0.00115479,-0.0346138,0.207049,0.387525,-0.0590015,0.0162146
-0.109262,-0.00064952,0.0577509,0.191472,0.00100247,0.0503147,0.187109,0.25659,-0.0834062,-0.0670062
-0.12155,-0.000132231,0.0852199,0.17127,0.000332961,0.0160551,0.184949,0.262934,-0.0522498,-0.1129
0.0985331,-0.00155277,0.00756304,0.00621167,-0.000354064,0.0298697,0.118416,0.210357,-0.000248232,-0.133727
0.0855705,0.000590075,0.0284098,0.142008,-0.00155157,-0.0022056,0.109767,0.208467,-0.126377,-0.126562
0.0589524,-0.00149682,0.0617316,0.14018,0.000406457,0.069335,0.103789,0.188173,-0.126148,-0.164418
0.129931,-0.00157832,0.0536692,0.139609,-0.000801524,0.0753773,0.230811,0.124941,-0.218418,-0.150706
0.0947885,0.00105923,-0.0393014,0.143699,-0.000967334,0.0577576,0.136285,0.115493,-0.206586,-0.200453
0.0898195,-0.000517285,-0.0178031,0.0352288,-0.000258354,0.0433472,0.133851,0.159506,-0.201683,-0.236904
0.0858193,-0.00148975,0.206928,0.0742029,-0.00111506,0.0306011,0.0879599,0.14456,-0.250323,-0.20514
0.386599,0.000500821,0.201744,0.080548,-0.00104818,0.0257524,0.116341,0.165577,-0.196303,-0.149655
0.35572,-0.00143603,0.187125,0.068465,0.00104831,0.0802584,0.134221,0.147176,-0.16823,-0.161647
0.327212,-0.00144212,0.170008,0.103728,0.000284693,0.114114,0.112505,0.188996,-0.153306,-0.202854
0.311432,0.00104053,0.196312,-0.0429559,-0.000615516,0.0966841,0.134577,0.142803,-0.205674,-0.223991
0.374671,0.00120736,0.192964,-0.048883,0.000229303,0.185005,0.155969,0.134429,-0.213311,-0.160777
0.398681,0.000900942,0.160585,-0.0329682,-0.00142044,0.156204,0.179996,0.209378,-0.158483,-0.157647
0.340351,-0.000420827,0.102047,-0.0255595,0.00105779,0.14783,0.18875,0.151415,-0.212045,-0.146977
0.372438,0.0002804,0.102158,-0.0401448,0.00162572,0.0119161,0.16549,0.178849,-0.21187,-0.0599984
0.503298,-0.00110942,0.142757,-0.201292,-0.000184234,0.026496,0.179385,0.125521,-0.101813,-0.086069
0.487139,-0.000436895,0.0975151,-0.217296,-0.00170201,0.252478,0.22863,0.139487,-0.0200958,-0.0657381
0.36735,0.000138151,0.101603,-0.256749,0.00171503,0.228982,0.226842,0.0944714,-0.0386457,-0.12773
0.358778,6.0958e-05,0.139538,-0.235327,0.00117409,0.248142,0.190318,0.143133,0.128557,-0.149651
0.360045,-0.000753096,0.050023,-0.295622,-9.81173e-05,0.245348,0.223923,0.193098,0.130802,-0.207267
0.16843,9.46128e-06,-0.0151399,0.39309,-0.00108138,0.114174,0.17917,0.178289,0.148483,-0.0279353
0.25634,0.000819479,-0.0587191,0.125064,0.00108696,0.160213,0.220865,0.139617,-0.0564689,0.02805
0.191711,-0.0011852,-0.131993,0.218375,-0.000660258,0.108766,0.174587,0.208046,-0.0746586,0.0273822
-0.0121954,-0.000971448,-0.141026,0.328785,0.000720906,0.102553,0.211629,0.204094,-0.0267052,-0.000160473
0.105071,-0.000870894,-0.177848,0.296843,-0.000197092,0.0879397,0.298798,0.263913,-0.0446839,-0.0497759
0.0864072,0.00107877,-0.189689,0.21109,0.00121531,0.0712068,0.224655,0.845127,-0.0877547,-0.126585
0.0809098,0.000438073,-0.221132,0.150398,-0.00100855,0.0664626,0.274722,0.709838,-0.123962,-0.160152
0.0796199,7.60018e-05,-0.124941,0.154456,-0.000232533,0.065942,0.247024,0.676732,-0.13705,-0.155474
-0.024547,-0.00102743,0.092401,0.0343614,0.000952575,0.0243121,0.184978,0.617568,-0.172265,-0.0580321
-0.126805,0.000836466,-0.0760043,-0.0247188,0.000367038,0.0238595,0.132479,0.214956,-0.0528515,0.00949664
-0.133499,-0.00127514,-0.0655174,0.160998,-9.13424e-05,0.04069,0.0907109,0.214065,-0.0268323,0.0099326
-0.114275,0.00100335,-0.00328986,0.142061,0.001508,0.00721939,0.124572,0.0900607,-0.000774299,-0.0341713
-0.33882,0.00038057,-0.0984838,0.199287,0.000611841,-0.0914829,0.1943,0.105653,-0.159553,-0.0587487
-0.343861,0.000373861,-0.0551309,0.178754,-0.00089095,-0.115788,0.214431,0.233493,-0.0454525,-0.0718792
-0.213301,-0.000951407,-0.0593273,0.179424,0.00130766,-0.184082,0.192213,0.253323,-0.0495852,-0.0834222
-0.690003,-0.000702459,-0.0991864,0.180174,0.001552,-0.1756,0.240671,0.252289,-0.0323032,-0.100644
-0.156781,0.000460481,-0.191229,0.219271,0.000209929,-0.149615,0.279448,0.358219,0.0390897,-0.00730797
-0.195729,0.000930135,-0.191655,0.265327,-0.00129773,-0.0858875,0.279948,0.357397,-0.0132455,-0.0217519
-0.453116,-0.00169309,-0.215344,0.33317,0.00091459,-0.169886,0.182364,0.175466,-0.0388404,-0.0903318
-0.452555,2.11618e-05,-0.174065,0.317794,-0.000295387,-0.15647,0.157169,0.197664,-0.083746,-0.0299895
-0.427646,-0.0016236,-0.194734,0.27468,0.00057667,-0.113495,0.14377,0.244558,-0.0862633,0.0272075
-0.439427,0.00163222,-0.200265,0.258536,-0.00102525,-0.0875472,0.12707,0.338008,-0.081541,-0.110697
-0.052078,0.00167563,-0.133359,0.24391,0.000679757,-0.067698,0.324862,0.271522,-0.0557123,-0.0792881
0.0380106,-0.00168339,-0.143877,-0.0408035,-0.000220491,0.0837286,0.12196,0.200728,-0.0443981,-0.131287
0.123303,-0.000105599,-0.176869,-0.468858,-0.00117654,0.0647641,0.132396,0.171248,-0.0729787,-0.137088
0.230308,-0.0012545,-0.212778,-0.409143,-0.000828715,0.111746,0.120577,0.14417,-0.0244043,-0.164063
0.252984,0.000215891,-0.243266,-0.307442,0.00140494,0.0896128,0.170663,0.218237,-0.00569555,-0.150245
0.202459,-0.000791393,-0.23207,-0.336229,0.000506295,0.0999688,0.17164,0.186766,0.043906,-0.199299
0.244704,-0.000399328,-0.238803,-0.287373,-0.00132388,0.109666,0.161567,0.163589,0.0461608,-0.175515
0.270928,0.00060772,-0.180641,-0.266487,-0.000439479,0.109777,0.145282,0.202187,0.0246894,-0.197879
0.26359,0.00153138,-0.089785,-0.33183,0.00171389,0.0934314,0.185187,0.205034,-0.0545877,-0.217658
0.230818,-0.000330737,-0.0594473,-0.158548,0.000226042,0.186133,0.13711,0.400156,-0.0563432,-0.188145
0.198453,-0.0011762,-0.00092056,-0.05138,0.000665312,0.200359,0.19115,0.372709,-0.0564512,-0.197396
0.311331,-0.00138521,-0.0259328,-0.0614922,-0.00131097,0.0846263,0.293198,0.31433,-0.0825102,-0.119881
0.26298,0.000256149,-0.014051,-0.0395691,0.000488483,0.0766369,0.358971,0.234217,-0.0537154,-0.122679
0.359922,-0.00104568,0.0894626,-0.250139,0.00111562,0.0980745,0.188121,0.201982,-0.246682,-0.209843
0.401525,-0.00133307,0.136673,-0.32545,-0.00123911,0.187643,0.159739,0.205726,-0.081471,0.0289715
0.395543,-0.00137351,0.14404,-0.270386,6.29693e-06,0.178911,0.158611,0.126455,-0.226985,0.0479878
0.381616,0.000178899,0.0965134,-0.377693,-0.000883007,0.172664,0.173549,0.12542,-0.223622,0.0423986
0.375652,0.00104619,0.0948225,-0.397601,-0.00137579,0.161351,0.227595,0.0989689,-0.0963941,-0.0309805
0.303865,0.00100294,0.0983338,-0.301581,-0.000231791,0.192452,0.265735,0.113508,0.0561436,-0.0343551
0.291455,0.00152947,0.105828,-0.301685,-5.68358e-05,0.18338,0.261742,0.140444,0.0164,-0.0646876
0.278788,-0.000563821,0.159076,-0.269175,-0.000825518,0.204217,0.211688,0.13469,0.00582922,-0.0120467
0.243732,0.00127462,0.0427183,-0.215745,0.000710831,0.157418,0.132155,0.122957,-0.0304014,0.0354699
0.142705,-2.24306e-05,-0.0640679,-0.227649,-0.000446334,0.155988,0.112732,0.11871,-0.0409503,0.00159791
0.0855211,-0.000817214,0.0123209,-0.12631,-0.000951095,0.237893,0.168582,0.141524,0.0367587,-0.0143936
0.0619581,0.00164606,-0.180769,-0.0758239,-0.000257994,0.238102,0.223063,0.320672,-0.0455346,-0.037209
0.0323417,0.00159865,-0.115847,0.00374511,-0.000889923,0.229876,0.218207,0.281837,-0.213903,0.0216519
0.0320546,0.000656888,-0.208635,0.0231789,0.00133522,-0.0176138,0.230396,0.308839,-0.0748702,-0.0995587
0.0123762,0.000286994,-0.208605,0.0704302,-0.00041076,0.144967,0.204999,0.417877,-0.0558043,-0.133483
0.0469156,-0.000616492,-0.231208,0.183125,0.000490846,0.0946027,0.177826,0.213582,-0.0479246,-0.212749
0.0411222,0.00118388,-0.217872,0.270955,-0.00147597,0.0405711,0.217191,0.27467,-0.082149,-0.233206
0.036456,0.000195986,-0.216406,0.233396,-0.00153141,0.0700963,0.343423,0.290485,-0.115042,-0.204858
-0.0973133,-0.000501067,-0.246898,0.335799,0.000731236,-0.019291,0.289971,0.314449,-0.109714,-0.260117
-0.0757282,-0.000541296,-0.195079,0.259014,-6.47633e-05,-0.118051,0.312787,0.392619,-0.0669513,-0.168068
-0.0137894,0.00036971,-0.0200499,0.236843,-0.000105527,-0.113692,0.282289,0.426057,-0.06948,-0.116083
0.0150839,0.000774903,-0.0226084,0.162079,-0.000337107,-0.128451,0.260384,0.339545,-0.054133,-0.0491244
-0.0126669,-0.0011093,-0.112128,0.135564,0.00110764,-0.0725126,0.223799,0.354278,-0.0565116,-0.0367734
-0.0835634,-0.000662089,-0.0979464,0.140038,0.000740113,-0.0745559,0.162824,0.356396,-0.0126108,-0.0708082
-0.121332,0.00138292,-0.115179,0.109206,0.000477335,-0.0924659,0.15851,0.32152,-0.0391851,0.0725569
-0.190529,-0.00157907,-0.144271,0.241516,2.10696e-05,0.0685941,0.197692,0.286027,-0.0428939,-0.0077663
-0.33018,0.00155852,-0.142111,0.257658,-0.000144456,-0.0314685,0.190647,0.317618,-0.0396701,-0.0671957
-0.329135,-0.00110155,-0.130439,0.25586,0.00118102,-0.0443113,0.165904,0.32329,-0.069874,-0.0505444
-0.350475,-0.000564655,-0.169988,0.302465,0.000985217,-0.0605474,0.174932,0.35216,-0.113829,0.0882743
-0.326008,0.00163139,-0.204873,0.239054,-0.00093756,-0.0429624,0.166005,0.330061,-0.114027,0.027934
-0.527341,-0.000718387,-0.167091,0.22544,-0.00119746,0.00501741,0.223299,0.15144,-0.158698,0.00930083
0.0217277,0.000507111,-0.163017,0.144405,0.00166245,0.0250059,0.211062,0.186478,-0.188682,-0.0100812
0.0121268,0.000996587,-0.09765,0.140945,-0.00101522,-0.0464063,0.17556,0.18269,-0.141411,-0.0303229
0.027349,-0.00099928,-0.104097,0.142436,0.000941363,0.00568557,0.230212,0.185936,0.182659,-0.0968388
0.0999601,-0.00167074,-0.123466,0.141708,-0.000968788,0.17039,0.202435,0.122222,0.0145722,-0.179955
0.102496,-0.000379704,-0.123532,0.0196319,-0.00109505,0.183155,0.242495,0.10581,0.00399337,-0.133252
0.112238,0.000439077,-0.134564,0.0394365,-0.000849622,0.252228,0.308367,0.145102,-0.000943229,-0.200605
0.124955,-0.000163609,-0.190595,-0.0115176,0.000494486,0.195011,0.319392,0.135154,-0.0265321,-0.228237
0.216433,0.000370587,0.245019,-0.0752611,-0.000149096,0.0638101,0.187763,0.177997,-0.12881,-0.0173905
0.092793,0.000688648,0.127609,0.00455833,-0.000714394,-0.00680265,0.0956321,0.176499,-0.132802,-0.0319231
0.144077,-0.000851351,-0.0145829,-0.00412652,-5.13454e-05,0.015252,0.102198,0.162911,-0.167703,-0.0631057
0.184504,-0.000542313,0.157775,-0.0478009,0.00127939,0.00488353,0.132791,0.136688,-0.163605,-0.0491273
0.192735,0.000163434,0.151631,-0.0507889,-0.00118159,0.0225366,0.0902186,0.145943,-0.16452,-0.0707187
0.267095,0.000148129,0.10636,-0.110212,-0.000707335,0.0388079,0.10037,0.163078,-0.169902,-0.0928586
0.239494,0.000281706,0.124948,-0.0909229,-0.00139168,0.0499222,0.10877,0.180942,-0.149554,-0.0991979
0.290904,-0.000569901,0.15095,-0.142406,0.00146529,0.0715336,0.140835,0.158661,-0.154104,-0.11727
0.367655,-0.00022898,0.140057,-0.156634,-0.000127891,0.0865385,0.129675,0.190236,-0.15411,-0.12549
0.372639,-0.000277976,0.131392,-0.171825,0.000344833,0.0658622,0.127083,0.187737,-0.160033,-0.111633
0.362662,-0.00051464,0.142846,-0.146125,0.000483926,0.103183,0.13305,0.223834,-0.11611,-0.102759
0.423749,0.000651792,0.154095,-0.170882,0.000183217,0.120962,0.171056,0.211108,-0.194275,-0.132212
0.301095,0.000591313,0.165612,-0.198081,0.000410174,0.0389552,0.131035,0.231291,-0.129268,-0.0986464
0.393144,-0.000591445,0.0975048,-0.182353,0.00142216,0.0643454,0.210137,0.121142,-0.195092,-0.146597
0.430321,0.00108289,0.114529,-0.206379,-0.000368746,0.160243,0.332397,0.238893,0.0907784,-0.153276
0.445904,-0.00011881,0.0963888,-0.164781,-0.00121314,0.18976,0.309315,0.212434,0.00741332,-0.101651
-0.206705,0.000375942,-0.12605,0.00770521,0.00123518,0.210154,0.252868,0.309834,-0.0745566,-0.0862485
-0.204144,-0.000256799,-0.192568,-0.0106356,0.000787742,0.151805,0.247881,0.324741,-0.103371,-0.107944
-0.0702715,-0.000553685,-0.168337,0.0130304,0.00150677,0.179907,0.227509,0.278138,-0.115385,-0.106614
-0.0497659,0.000874729,-0.123822,0.102661,-0.00131611,0.15596,0.307853,0.37936,-0.0642678,-0.00996864
-0.031579,-0.000512881,-0.119246,0.0893666,-0.000742724,0.11038,0.30745,0.345607,-0.0340182,-0.0561129
-0.0844819,0.00133713,-0.202824,0.0624264,-0.00116578,0.139412,0.347642,0.521383,-0.0796389,-0.167586
-0.0839382,0.00110033,-0.241164,0.0409254,-0.000629749,0.133682,0.128305,0.31766,-0.119131,-0.238719
-0.0886752,-0.000315549,-0.21862,0.112796,-0.000735773,0.0535646,0.202627,0.343684,-0.126213,-0.240584
-0.0556999,0.000681581,-0.16873,0.128845,9.47213e-05,0.0203868,0.20349,0.333895,-0.131513,-0.152842
0.14163,0.00148141,0.0489427,0.129792,0.00168227,0.00396411,0.297197,0.546902,-0.173253,-0.145077
0.08752,0.00155794,0.0154538,0.151777,0.00102595,-0.00991229,0.288883,0.517905,-0.136936,-0.0983547
-0.0328887,0.000567935,-0.0500266,0.160464,-0.000710021,-0.09759,0.216114,0.44544,-0.0653923,-0.0750994
0.00708274,0.00165232,-0.0534114,0.137414,-0.000796442,-0.0764916,0.189969,0.396088,-0.0512987,-0.0984719
-0.0193168,-0.000785254,-0.137735,0.188947,-2.8006e-05,-0.0553934,0.23793,0.37967,-0.0520495,-0.140815
-0.0750171,-4.59654e-06,-0.106331,0.208399,-0.000269859,-0.0769777,0.238089,0.334038,-0.16512,-0.0499825
-0.120667,-0.000389885,-0.145053,0.26671,0.00129743,-0.0749378,0.156284,0.286678,-0.10715,-0.0981981
-0.166855,-0.000631591,-0.177762,0.369137,-0.000362776,-0.14669,0.152547,0.311319,-0.112793,-0.0649284
-0.277893,0.000853358,-0.129533,0.42408,0.00162891,-0.215265,0.107871,0.215656,-0.111172,-0.0177234
-0.161969,9.81445e-06,-0.0945368,0.450627,-0.0017146,-0.147624,0.139721,0.332183,-0.0619291,0.0314098
-0.248931,-0.000125009,-0.237488,0.364878,0.00148808,-0.140503,0.159978,0.325993,-0.0287945,0.0578811
-0.37129,0.00157074,-0.25705,0.281877,0.000580025,0.0778914,0.112276,0.328048,0.0489725,0.135847
-0.119693,0.00092784,-0.0756328,0.246723,0.00156425,0.00836732,0.101425,0.225134,0.0760153,0.0571558
-0.064638,-8.53851e-05,0.00113865,-0.0492848,0.000469628,0.0466301,0.136935,0.128519,0.0876899,-0.0162637
-0.0595048,0.000900002,0.0418477,-0.00357509,-0.000156245,0.234016,0.151454,0.137314,-0.0205644,0.0285453
0.0849902,0.000518351,-0.02977,-0.0644315,-0.000147352,0.225994,0.161784,0.245882,-0.0823417,-0.0263282
0.0510945,-0.00105343,-0.139068,-0.111001,-0.00065165,0.232746,0.265306,0.279778,-0.0459761,-0.0598062
0.0600962,4.1061e-05,-0.158888,-0.0450578,0.00014333,0.198419,0.158482,0.248356,-0.0420298,-0.14052
0.185731,0.00084703,0.0992852,-0.0742239,-0.00108222,0.148063,0.227651,0.235167,-0.115351,-0.190582
0.289503,0.000534926,-0.125832,-0.0618282,-0.00114664,0.142371,0.21458,0.209879,-0.259595,-0.168696
0.240018,0.000772296,-0.0923175,-0.0788716,-0.00115738,0.127451,0.220444,0.257425,-0.250004,-0.196087
0.179814,-0.000875265,-0.0304438,-0.202632,-0.00137267,0.193431,0.214176,0.207056,-0.255034,-0.170367
0.211941,-0.00120296,-0.04956,-0.307405,-0.00109746,0.135737,0.190319,0.144128,-0.193371,0.047894
0.213594,0.00013394,-0.0375517,-0.431306,0.000980286,0.167086,0.209119,0.255032,-0.150854,0.0496956
0.232376,-0.000553661,0.121405,-0.423891,-0.00142811,0.187577,0.203885,0.228086,-0.154227,0.0599255
0.23815,0.00102996,0.141734,-0.452831,-0.00119909,0.147229,0.209475,0.239663,-0.248252,0.067027
0.24695,0.00163475,0.0989607,-0.563729,-0.00116701,0.115001,0.152649,0.267521,-0.235901,0.0606104
0.247278,0.000137826,0.0930923,-0.549476,-0.00159738,0.129332,0.140495,0.28754,-0.161654,0.0566901
0.256262,-0.00037028,0.115469,-0.57232,0.00103915,0.12248,0.104531,0.363501,-0.163112,0.014512
0.256353,0.000873292,0.222672,-0.567627,-0.00079743,0.175721,0.111222,0.377163,-0.163264,0.0195897
0.330623,0.00138969,0.133272,-0.538767,0.00140825,0.168347,0.105981,0.299454,-0.196423,0.110004
0.362859,4.38727e-05,0.0378236,-0.561523,-0.000451083,0.144492,0.278268,0.373553,0.207507,0.0989762
0.336848,-0.00165143,0.0205565,-0.449396,0.000798038,0.140566,0.234741,0.347374,0.191647,0.0725998
0.384933,0.000565376,0.00950561,-0.125043,-0.00155109,0.126929,0.260333,0.282189,0.140716,0.035812
0.270442,-0.00106091,0.00577936,0.0342729,-0.00130285,0.0805261,0.192647,0.216806,-0.0583688,-0.0304113
0.255682,0.000470181,-0.0192071,0.0514608,0.00149396,0.0504642,0.305388,0.211675,-0.100706,-0.0511139
0.205565,-0.0016891,-0.117961,0.0746032,-0.000242541,0.120388,0.241375,0.199168,-0.149589,-0.0882489
0.222948,-0.00165473,-0.175433,0.177727,0.00120646,0.0953259,0.142558,0.20112,-0.0541628,-0.102864
0.287661,-0.000691973,-0.20095,0.222969,-0.00105271,0.151836,0.143518,0.237934,-0.116511,-0.114221
0.0780512,0.000823662,-0.204211,0.104288,-0.00131915,0.138129,0.113661,0.22604,-0.17665,-0.124076
0.124143,-0.000726036,-0.144894,0.234363,0.000282546,-0.0260237,0.094913,0.188665,-0.22055,-0.152752
0.104574,4.63855e-05,-0.152741,0.141722,0.00152692,0.0797463,0.0930384,0.179889,-0.144508,-0.167427
0.120087,-0.00123823,-0.161039,0.171059,0.000769052,0.0319982,0.0973622,0.131195,-0.131066,-0.211723
0.0851083,0.000216979,-0.118959,0.245273,-0.000582678,-0.0590221,0.114761,0.0875571,-0.0961462,-0.134462
-0.251328,-0.000831216,-0.198139,0.192821,0.000702586,-0.0305867,0.138773,0.172187,-0.0592577,-0.20229
-0.264443,0.00126207,-0.166116,0.251486,-0.000447647,0.0103278,0.100093,0.173249,-0.00545658,-0.243791
-0.265254,0.00159817,-0.11499,0.278863,-0.00131164,-0.0346502,0.145719,0.178873,0.0375989,-0.249935
-0.286988,0.00127394,-0.205235,0.347511,0.00161939,-0.0787731,0.138148,0.13333,0.0712183,-0.256046
-0.289905,0.0013288,-0.184556,0.406561,-0.0006305,-0.0988871,0.166791,0.156603,0.0115547,-0.206767
-0.231663,-0.00109279,-0.235755,0.406148,7.79191e-05,-0.116472,0.184038,0.174088,0.114462,-0.210535
-0.177313,8.91593e-05,-0.249074,0.423022,0.00105095,-0.110617,0.188899,0.222886,0.118914,-0.199897
-0.106919,0.0002135,-0.190293,0.474664,0.000127804,-0.129841,0.16862,0.171071,0.104915,-0.215966
-0.0971944,0.000954078,-0.221738,0.44268,0.000859679,-0.116287,0.15298,0.207902,0.0680022,-0.218879
-0.0656069,0.000170795,-0.24536,0.379219,-0.00156404,-0.111794,0.0991528,0.200702,0.075364,-0.179792
-0.180996,0.00114441,-0.22354,0.315318,-0.000865894,0.0487619,0.213219,0.275929,-0.0256635,-0.0736878
-0.270974,-0.000684446,-0.239819,0.379392,0.000810959,-0.000431178,0.206932,0.26008,0.0707273,-0.13802
0.369719,0.0004215,-0.234757,0.303586,0.00132486,-0.0260261,0.165774,0.274379,-0.0551889,-0.0171564
0.0408273,-0.000529128,-0.241423,-0.0386595,-0.000802868,0.12367,0.268845,0.173352,-0.110451,-0.0271682
-0.177219,0.000673525,-0.202316,0.0123364,0.000405372,0.183998,0.252294,0.181144,-0.192677,-0.0389987
-0.15874,0.000764083,-0.0780599,0.100489,-0.000490698,0.183465,0.386807,0.218771,-0.162561,0.00054301
-0.106544,0.000576326,-0.0692033,0.127776,-0.00115293,0.202092,0.299869,0.0978166,-0.186958,0.0251582
0.0769711,0.00139697,-0.0214276,0.192572,0.00167772,0.225312,0.221716,0.131905,-0.153226,-0.00347908
0.170354,0.00077631,0.072075,-0.267682,-0.0011264,0.235672,0.247686,0.270156,-0.172059,-0.190076
0.230628,0.000178553,0.0513485,-0.285743,0.00110133,0.237833,0.260961,0.307685,-0.0865032,-0.181069
0.450009,-0.00159898,0.017002,-0.159508,-0.000353165,-0.0726954,0.134187,0.298768,-0.191218,-0.195263
0.019244,0.000470405,0.0527439,-0.102032,0.00148212,-0.102792,0.121101,0.195391,-0.191994,-0.217664
0.0951666,-0.00144692,0.0697458,-0.0466994,0.000643816,0.183251,0.137033,0.157862,-0.178256,-0.203019
0.199979,0.000964166,0.0456795,-0.0557118,-0.000154717,0.107952,0.149296,0.164324,-0.174865,-0.191737
0.226391,-0.0013206,0.0499188,-0.0696051,0.000917955,0.119426,0.227032,0.20278,-0.162756,-0.0887592
0.302076,-0.000346247,0.0734296,-0.0875735,-0.000909456,0.12038,0.241639,0.218907,-0.111831,-0.0730714
0.22669,0.000626494,0.0837441,-0.118287,0.00170548,0.110859,0.18086,0.124253,-0.106117,-0.0608772
0.351615,-0.00137577,0.139522,-0.000871109,-0.00146466,-0.0294066,0.193292,0.122868,-0.106812,-0.0716006
0.336574,-0.00141561,0.110351,-0.0146793,-0.0016359,0.117104,0.158735,0.165886,-0.0851603,0.0798236
0.391467,0.000579952,0.0875661,-0.129968,-0.00167417,0.118509,0.203113,0.203833,-0.0808042,0.101447
0.445554,-0.00112919,-0.0494078,-0.160428,0.00153763,0.155733,0.252783,0.213879,-0.125306,0.094499
0.412964,0.000523565,0.00850962,-0.16056,-0.00104917,0.237354,0.187292,0.110372,-0.060954,0.044171
0.358224,-0.00118852,0.012473,-0.186458,-0.00166941,0.215681,0.316299,0.121735,0.0915899,-0.0135945
-0.000662942,-0.00148428,-0.0514639,-0.147576,-0.000691984,0.181031,0.18228,0.117565,-0.0676508,0.0140044
-0.629477,-0.000357773,-0.1069,-0.201734,0.000277912,0.165902,0.218293,0.165749,-0.061425,-0.0370663
-0.521338,0.000510325,-0.116022,-0.156426,0.000229769,0.0711038,0.214002,0.194201,-0.20735,-0.119538
0.265471,-0.000288275,-0.161874,0.0941216,-0.000867542,0.00248453,0.246961,0.213011,-0.191871,-0.148518
0.312636,0.00074207,-0.137937,0.0902489,-0.000655011,0.05879,0.270056,0.176766,-0.167206,-0.133505
0.0734403,0.00158531,-0.204042,0.109336,0.000673784,0.0497578,0.228476,0.188986,-0.239437,-0.172633
0.0557624,0.00101433,-0.102978,0.0527697,-0.000928116,-0.0468024,0.186366,0.226337,-0.256508,-0.227595
-0.00875019,0.000346218,-0.113051,0.0230649,-0.00149651,0.0460628,0.345566,0.201538,-0.243983,-0.129902
-0.0181716,0.00131727,-0.0743108,0.222692,-0.000326726,-0.0457122,0.204402,0.18067,-0.209734,-0.178429
-0.169653,0.00132673,-0.141416,0.226189,0.00104595,-0.137396,0.204756,0.196069,0.0206677,-0.241911
-0.292519,0.00103283,-0.136179,0.247637,0.000776907,-0.103819,0.197689,0.185215,-0.0338093,-0.236443
-0.240183,8.79966e-05,-0.079104,0.25457,0.000528394,-0.062114,0.175949,0.20427,0.0262551,-0.184717
-0.056218,-0.000735457,-0.115431,0.223361,-0.00114367,-0.0832334,0.266007,0.255588,0.0322731,-0.198179
-0.101074,-0.00107687,-0.0978671,0.209353,-0.000437541,-0.129618,0.19658,0.341986,-0.012523,-0.124933
-0.291155,0.00125843,-0.121193,0.202563,-0.000237428,-0.0742566,0.16283,0.353745,-0.0352073,-0.16548
-0.258308,-0.00170509,-0.164177,0.18365,-0.000119188,-0.108093,0.152608,0.359436,0.00845934,-0.116398
-0.192237,0.00106983,-0.119618,0.214272,-0.000415716,-0.0127415,0.112745,0.366339,-0.0987663,-0.111897
-0.210118,-0.000625097,-0.181759,0.258221,-0.00124624,-0.0145756,0.223581,0.369035,0.0691954,-0.0277884
-0.206125,0.000449054,-0.228674,0.176492,0.000557092,0.0378368,0.222196,0.386487,0.0464788,0.0241091
-0.0320962,-0.000466968,-0.164785,-0.015422,0.000495706,0.0942507,0.359662,0.378221,0.177297,-0.0574986
-0.00510599,-0.00133927,-0.134227,-0.265738,4.54914e-05,0.136347,0.323898,0.221716,0.139182,-0.217784
-0.0509105,0.000291307,-0.153653,-0.314573,0.00144764,0.0922927,0.309869,0.237163,0.0661949,-0.180072
0.0388703,-0.000643283,-0.138314,-0.219259,-0.00142537,0.122046,0.392415,0.225804,-0.0489634,-0.181533
-0.0274231,-0.000314292,-0.134698,-0.119497,-0.000670796,0.144367,0.303626,0.272738,-0.0358329,-0.237434
-0.0640058,0.000668521,-0.115205,-0.112153,-0.00128373,0.116695,0.265215,0.259234,-0.0475935,-0.134423
-0.177555,0.000691287,-0.12289,-0.207164,-0.000658594,0.139717,0.298926,0.322502,-0.0954223,-0.149748
0.0723393,-0.00113282,-0.0183926,0.0102683,-0.00144635,0.148324,0.0889053,0.246827,-0.136455,-0.162282
0.208937,0.000954297,0.00281255,-0.033771,0.00145213,0.00709304,0.169141,0.228185,-0.171828,-0.137709
0.228644,-0.00131042,0.010895,-0.0490512,0.00045484,0.208839,0.160667,0.210527,-0.179266,-0.044454
0.192324,0.00111397,0.0457487,-0.149547,0.00017803,0.134517,0.129757,0.196138,-0.198058,-0.122777
0.356547,-0.000268692,0.094246,-0.148309,-0.000494048,0.0660208,0.168838,0.226416,-0.175233,-0.0783717
0.352869,0.00168359,0.125815,-0.142839,-0.00167501,0.0536363,0.173117,0.201308,-0.213472,-0.125956
0.309153,-0.000700761,0.145852,-0.0179865,-0.000209465,0.110742,0.187033,0.161252,-0.196657,-0.111609
0.386514,-0.00122072,0.168929,-0.112853,0.00153674,0.0970729,0.149378,0.228259,-0.190724,-0.0860654
0.420343,0.000887035,0.195244,-0.229891,-0.000390245,0.0978528,0.133674,0.207328,-0.114823,-0.0775571
0.363006,-0.00160774,-0.0773121,-0.156935,-3.65347e-05,0.0863833,0.231923,0.175599,-0.0975725,-0.0331163
0.442294,0.00119123,-0.0103156,-0.185371,0.0013326,0.172636,0.221248,0.155445,0.0147344,-0.00897541
0.405595,0.000964286,0.103338,-0.116504,-2.81989e-05,0.151689,0.291481,0.158284,-0.0209315,-0.0115764
0.259345,0.001719,0.0660202,-0.345718,0.000855989,0.223602,0.222482,0.159717,-0.0416913,0.00224852
0.266235,-0.00111704,0.114832,-0.340845,0.000380205,0.197267,0.263738,0.167709,0.0315958,0.0119937
0.27584,0.00122327,0.0982547,0.445666,0.00136662,0.18324,0.24196,0.244967,0.00188171,-0.0262744
0.112549,-0.000549265,0.0363062,0.171635,0.00145411,0.201917,0.226879,0.234713,-0.0813637,0.0285905
0.100706,0.000282479,0.0361325,-0.0315042,0.00105567,0.226257,0.228228,0.265321,-0.101534,0.0296648
0.031077,-0.00158477,0.0170375,-0.000273118,0.0016624,0.10311,0.208436,0.253075,-0.145228,-0.102181
-0.061668,0.000299735,-0.235765,0.235805,0.00037239,-0.00590001,0.128271,0.212085,-0.174641,-0.136241
-0.0289885,0.000266546,-0.180976,0.107093,-0.000681203,-0.004785,0.132919,0.304626,-0.241279,-0.130106
0.000547389,-0.00140355,-0.105453,0.0309792,-0.000454734,-0.00321775,0.237881,0.284731,-0.212263,-0.196957
0.0248877,-0.00105023,-0.246804,0.022905,0.000257874,-0.0252956,0.168424,0.198993,-0.235974,-0.226608
-0.00443112,-0.000201252,-0.124166,0.0339623,-0.00134866,0.0606256,0.134237,0.279928,-0.158739,-0.180513
-0.08622,0.000353815,-0.123704,0.0691071,-0.00027569,-0.0214795,0.162859,0.283347,-0.0346755,-0.144106
-0.19753,0.00124764,-0.0557081,0.185997,-0.00144612,-0.0440543,0.300553,0.267655,-0.0129637,-0.12978
-0.220077,-0.000766466,-0.100685,0.134804,0.00103546,-0.108965,0.23588,0.295322,-0.0354813,-0.159573
-0.0946424,-9.13272e-05,-0.110313,0.190271,-0.00168945,-0.0373937,0.216766,0.305164,-0.10278,-0.172022
-0.44719,-0.00106945,-0.0640318,0.20172,0.00152696,-0.0923418,0.15519,0.248861,0.103648,-0.200983
-0.367857,-0.00172917,-0.116463,0.228224,-0.00058129,-0.110275,0.368947,0.216936,0.0532465,-0.134586
-0.316404,-0.00145902,-0.133399,0.20713,-9.10576e-05,-0.10565,0.286756,0.183222,0.0375059,-0.144699
-0.324762,-0.000398973,-0.10524,0.213699,0.000102193,-0.0790572,0.282859,0.212023,0.0518799,-0.227823
-0.31359,0.000943841,-0.172087,0.37595,-0.00129196,-0.10005,0.100461,0.362596,-0.0670422,-0.191253
-0.346285,0.001645,-0.13511,0.337618,-0.00136203,-0.119906,0.118655,0.336617,0.00405309,-0.180982
-0.344187,-0.00158998,-0.175184,0.343269,-0.00158032,-0.0365705,0.120772,0.292081,0.00380291,-0.178652
-0.363667,-0.0013741,-0.180537,0.401655,-0.000534922,0.0907415,0.10943,0.292433,-0.0373741,0.337776
-0.193554,0.00144556,-0.147455,0.396935,0.0012934,0.0364765,0.101236,0.340516,-0.0560924,0.30103
-0.107314,-0.000124724,-0.125829,0.376425,7.83099e-05,0.0553394,0.107481,0.326511,-0.0934229,0.325717
0.263818,0.000822517,-0.0906924,0.376772,-0.000345605,0.0607935,0.198618,0.318996,-0.121722,-0.164758
0.178797,-0.00133708,-0.0434829,0.116859,-0.000692877,0.256319,0.22749,0.325629,-0.120431,-0.167537
0.162725,0.000710729,-0.0253073,0.125051,-0.00110307,0.211976,0.33722,0.294331,-0.0572177,-0.091716
0.115271,0.00101713,-0.0510246,0.091627,0.000456761,0.161878,0.349244,0.189403,-0.151522,-0.097549
0.16463,-0.000278063,-0.0295339,0.0826801,0.000488838,0.164641,0.160321,0.253551,-0.175158,-0.0567335
0.145175,-0.000534222,-0.0260687,0.115984,0.000582387,0.180006,0.285043,0.250149,-0.21608,-0.104798
0.143648,-0.00108919,-0.0411331,0.142052,-4.76346e-05,0.147584,0.261901,0.278136,-0.191028,-0.208526
0.13744,0.000969448,-0.00037382,0.101761,-0.00015272,0.206388,0.296552,0.241987,-0.182785,-0.157821
0.167947,2.9852e-05,0.0728078,0.0475573,0.00147521,0.0967278,0.286696,0.215119,-0.218738,-0.128665
0.205759,-0.000239219,0.0673024,0.0327628,-0.00114348,0.11459,0.157681,0.156803,-0.215322,-0.10875
0.228917,-0.00157895,0.0313495,0.0863203,-0.00136686,0.117036,0.204079,0.231223,-0.152779,-0.170012
0.335056,-0.000215183,0.0233113,-0.0138596,0.00148954,0.0270891,0.191825,0.19629,-0.1825,0.121145
0.267568,-0.0015639,0.034485,-0.074362,0.00139653,-0.0359088,0.24611,0.103938,-0.143214,0.125439
0.223257,-0.000895789,0.0140903,-0.488844,0.000795174,-0.0162738,0.213149,0.109793,-0.0852924,-0.0111196
0.262818,-0.000458257,-0.0232,-0.355532,-0.000616123,-0.0372404,0.226656,0.181065,-0.0541039,-0.0227894
0.268402,-0.000369834,-0.0132173,-0.280629,-0.00019757,0.029056,0.215833,0.189728,0.0159798,0.0656381
0.236802,0.000796597,0.0848574,-0.297681,-0.00158701,0.0346677,0.255958,0.185441,0.0528759,0.0722393
0.244491,-0.000420561,0.0856236,-0.260502,-0.000691625,0.0355081,0.210196,0.162844,0.0573965,0.0446608
0.36754,0.000314749,0.0838137,-0.323718,-0.000930819,0.0203468,0.225973,0.137976,0.0937475,0.106301
0.38386,0.000278569,0.0953133,-0.356401,-0.000682153,0.0367737,0.223602,0.133676,0.0877651,0.137015
0.464096,0.000287397,0.132089,-0.356287,-0.00109176,0.0236672,0.225559,0.157972,0.0935566,0.240577
0.465677,0.000364918,0.117253,-0.346768,0.00026667,0.0706781,0.253354,0.212389,0.270045,0.218062
0.491532,-4.47173e-06,0.104046,-0.348095,8.0999e-05,0.0580571,0.217197,0.137653,0.23843,0.162331
0.51583,-0.00127469,0.0940347,-0.379591,-0.00110131,0.0587917,0.213047,0.16596,0.188672,0.231409
0.501287,-0.00123584,0.153051,-0.323713,0.00157354,0.224844,0.214633,0.120207,0.244279,0.308037
0.0547407,-0.000994842,0.121982,-0.255965,-0.00134774,0.219449,0.206047,0.146121,-0.0146505,0.0547736
0.254234,-0.000251181,0.0443886,0.0812089,0.000147003,0.192471,0.171368,0.15031,-0.123337,-0.0309953
0.156238,-0.000622888,-0.017153,-0.0491806,-0.00156793,0.146053,0.193643,0.137641,-0.160672,-0.0435608
0.195446,0.000707279,-0.0811145,0.172117,0.000208175,0.126646,0.089448,0.110234,-0.192237,-0.158889
0.151456,-0.000804662,-0.0367982,0.0876017,-0.000400668,0.119839,0.105692,0.171958,-0.208292,-0.180967
0.0138975,0.0016561,-0.159394,0.0389549,-0.00139494,0.136128,0.0949558,0.20091,-0.184668,-0.173437
0.056301,-0.00134072,-0.178361,0.0647156,0.000664764,0.15159,0.172466,0.248927,-0.168619,-0.192696
-0.00120775,0.000968403,-0.143551,-0.108859,-0.000553364,0.132892,0.181081,0.255014,-0.186874,-0.194261
0.105008,0.00119489,-0.158973,0.124589,-0.00136264,0.0941299,0.187768,0.270049,-0.156497,-0.192905
-0.215273,-0.00157448,-0.0591473,0.0140201,0.000121754,0.0819523,0.148123,0.200369,-0.201022,-0.164981
-0.239215,0.00111246,-0.0713983,0.0801667,-0.000779351,-0.114374,0.146789,0.193064,-0.0539762,-0.09317
-0.208154,-0.0011475,-0.0897204,0.0788967,0.00120337,-0.00445487,0.245979,0.202739,-0.184419,-0.165757
-0.275067,-0.000630056,-0.135928,-0.0466293,-0.00031326,0.00945074,0.230068,0.223618,-0.208352,-0.169789
-0.304595,0.000330268,-0.137682,-0.0365754,0.000945027,0.0123256,0.186231,0.128222,0.00603489,-0.178362
-0.16834,-0.00149356,-0.176162,0.206206,-0.000366807,0.0520129,0.184159,0.171299,0.0708735,-0.203827
-0.207913,-0.000105376,-0.0918126,0.284433,0.00112567,-0.0844588,0.175628,0.160253,0.151586,-0.196822
-0.244845,0.00173396,-0.0754268,0.398226,-0.00107942,-0.0893438,0.158443,0.258992,0.0872826,-0.189225
-0.283726,-0.00149232,-0.0527732,0.406123,-0.000702759,-0.0766138,0.147194,0.171498,-0.00691408,-0.150417
-0.280692,-0.000770809,-0.0759151,0.41637,-0.000136743,-0.102121,0.263471,0.208516,-0.0976731,-0.260997
-0.22768,0.000815322,-0.157471,0.350887,4.92886e-05,-0.0593799,0.291222,0.217075,-0.125966,-0.248471
-0.258154,-0.000857192,-0.134726,0.280957,0.000783622,-0.0353897,0.267799,0.394145,-0.206854,-0.208086
-0.315139,0.000185244,-0.257432,0.279783,-0.00159662,0.038202,0.292023,0.371188,-0.237969,-0.184868
-0.262592,-0.000742126,-0.202343,-0.0770028,0.000747752,0.0576965,0.219717,0.369243,-0.0596819,-0.0716226
0.22867,0.00116384,-0.255283,0.113055,-0.00102096,0.0671932,0.243277,0.373873,-0.0618661,-0.048661
0.382066,-0.0010964,-0.243172,0.128712,0.00126835,0.208724,0.256614,0.238055,-0.0304621,-0.0346693
0.353852,0.00057277,0.0662061,0.0964501,-0.00148319,0.155357,0.268741,0.178894,-0.0481221,-0.0434367
0.243834,-0.000272989,-0.0958223,0.0624783,-0.000608155,0.215406,0.209981,0.126296,-0.180201,-0.062024
0.121215,-0.00110415,-0.0615217,0.0585065,0.000314654,0.171456,0.238476,0.110448,-0.234163,-0.0270356
0.132322,0.00110444,-0.0528233,0.0867704,-0.000176906,0.176024,0.27253,0.141786,-0.177111,-0.109148
0.142413,-0.000182958,-0.0420981,0.00586034,-0.00118419,0.150382,0.229657,0.126556,-0.172261,-0.106363
0.14584,-0.000793429,-0.00724543,-0.0282052,-0.000422521,0.150336,0.220458,0.0918423,-0.199301,-0.061216
0.1781,0.00139762,0.0801784,0.0228074,0.00126839,0.204509,0.166283,0.154899,-0.15619,-0.0280291
0.180287,-0.00121612,0.222856,0.0515252,-0.00107012,0.0172539,0.161727,0.102923,-0.150156,-0.0463663
0.194234,-0.000690807,0.0929369,-0.048443,-0.00127667,0.0692775,0.185009,0.158155,-0.178563,-0.161125
0.342866,5.98991e-05,0.0497558,-0.0267611,-0.00145761,0.208032,0.142964,0.190157,-0.155752,-0.163534
0.319735,-0.00089469,0.037771,0.0102561,-0.00139933,0.205981,0.175235,0.137513,-0.145038,-0.132546
0.32915,-0.000579613,0.078611,-0.0902924,0.0003415,0.210755,0.170599,0.166796,-0.173487,-0.14157
0.314584,-0.000909047,0.165321,-0.124572,0.000759038,0.00499422,0.135615,0.132123,-0.136767,-0.0746155
0.490248,0.000208165,0.114107,-0.193178,-0.00109277,0.0635035,0.140938,0.1913,-0.176159,0.0181386
0.445228,-0.000100461,0.103327,-0.249261,-0.00152505,0.0735062,0.20193,0.485655,-0.144938,0.0592627
0.464654,-3.45612e-05,0.0552554,-0.325672,-0.000105084,0.166459,0.16752,0.0932785,-0.139458,-0.0231386
0.345438,0.00107608,0.117969,-0.425578,-0.00171464,0.175774,0.233582,0.209857,0.0646877,0.032087
0.373389,-0.0015498,-0.000562533,-0.351671,0.00125248,0.244986,0.240262,0.203349,0.14223,0.0627945
0.0972827,0.000628424,0.00250226,-0.00731295,-0.0010166,0.216996,0.230597,0.231389,0.092282,-0.0153768
0.115555,0.00170481,0.0303152,-0.000746511,0.000453506,0.117655,0.280517,0.27094,0.0561307,-0.155451
0.166866,-0.00152605,-0.065858,0.0335851,0.000396317,0.164637,0.227883,0.25879,0.0159775,-0.138526
0.110006,0.0016409,-0.17646,0.112528,0.000160734,0.136996,0.246164,0.276744,-0.072087,-0.133779
0.0914156,-0.000773027,-0.0813344,0.0822935,0.000322078,0.0425843,0.138015,0.273386,-0.177938,-0.0973073
0.0924466,-0.00013171,-0.115467,0.0844034,9.76895e-05,0.0188413,0.265303,0.264467,-0.230727,-0.175755
-0.219632,-0.000777025,-0.160044,0.0556517,-0.000635453,0.0958542,0.170649,0.289219,-0.144904,-0.106734
0.0817298,0.000120112,-0.151607,0.116959,-0.00116893,0.0711296,0.177725,0.200258,-0.18812,-0.141559
0.0208362,0.000728888,-0.157762,0.10353,0.000145844,0.043716,0.1533,0.165007,-0.197163,-0.123606
-0.0470017,0.00110679,-0.195542,0.113639,0.00131272,0.108765,0.152247,0.199483,-0.0763177,-0.175068
-0.066057,-0.00165419,-0.143532,-0.0172933,-0.00110376,-0.226064,0.177734,0.309522,-0.0490508,-0.149491
-0.0538063,0.00151639,-0.090431,0.313996,0.000996024,-0.165351,0.162292,0.247117,0.0422304,-0.0859462
-0.1013,1.57087e-05,-0.157139,0.334743,0.0016174,-0.0871989,0.232298,0.221981,0.0372662,-0.117847
-0.267709,0.00135306,-0.11091,0.305514,-0.000817481,-0.0996723,0.181136,0.189394,0.0882336,-0.159267
-0.308828,0.00116089,-0.0104617,0.269827,-0.00105572,-0.0496055,0.152062,0.131987,0.118212,-0.0906053
-0.238607,0.00158395,-0.0654191,0.243507,0.000837118,-0.0866344,0.293341,0.244953,0.0966763,-0.0718715
-0.231475,-0.0011255,0.029733,0.312398,-7.51723e-05,-0.0928909,0.373239,0.215808,0.189234,-0.139813
-0.208616,9.45117e-05,-0.260906,0.33252,-0.00106941,-0.0752425,0.186723,0.268004,0.0658648,-0.0776519
-0.190374,0.00104869,-0.261006,0.355062,0.000749663,-0.0828301,0.132261,0.29382,-0.11023,-0.117177
-0.195434,-0.0012878,-0.194257,0.369569,-0.000461378,-0.0810543,0.140677,0.315383,-0.138972,-0.0150873
0.0396296,-0.00061474,-0.142031,0.265892,0.000564513,0.0534053,0.291919,0.294141,-0.0910247,-0.0389782
0.0108278,0.000753709,-0.180384,0.281485,0.00112579,0.057138,0.19904,0.269161,-0.100236,-0.0739439
0.187173,6.36323e-05,-0.254834,0.247221,-3.83571e-06,0.0261394,0.122144,0.151157,0.0280264,-0.0932894
0.171803,-7.35095e-05,-0.213447,0.191841,-0.00067301,0.120269,0.209803,0.169326,-0.0800764,-0.18485
0.162979,0.000781245,-0.159481,0.194915,0.00122959,0.146359,0.284293,0.108114,-0.0151121,-0.160161
0.191741,0.000691283,-0.106222,0.184617,0.00146402,0.117916,0.212334,0.177193,-0.123622,-0.185919
0.22508,0.00051472,-0.0730321,0.0912439,-5.05681e-05,0.0852262,0.223479,0.178234,-0.235165,-0.230737
0.244688,0.00077475,-0.0365075,0.0250063,-0.000471829,0.105616,0.160948,0.221607,-0.225968,-0.189245
0.253887,0.000416732,-0.0143453,-0.0358443,-0.00137268,0.160039,0.128052,0.167267,-0.247911,-0.162988
0.220666,-2.56887e-05,0.0602697,0.0361958,-0.00109756,0.217883,0.184638,0.147158,-0.237296,-0.243092
0.200348,-0.00173107,0.14002,0.158439,0.00159153,0.110499,0.170481,0.148975,-0.134165,-0.156736
0.285929,0.000367411,0.163396,0.0849416,-0.00154958,0.119135,0.143534,0.195825,-0.0812637,-0.192479
0.262227,-0.000825535,0.168192,-0.276983,-0.00116036,0.167204,0.198609,0.243464,-0.126338,-0.189848
0.286881,0.000978439,0.173131,-0.298117,-0.000810079,0.162201,0.171011,0.242354,-0.207755,-0.178303
0.26352,0.00054857,0.136364,-0.267887,-3.88753e-05,0.177099,0.114192,0.19074,-0.202308,-0.170042
0.288693,-0.000674795,0.0100289,-0.213122,0.00094015,0.132642,0.162597,0.259124,-0.109697,-0.0872511
0.236883,-0.00162786,0.0085626,-0.244817,0.0015673,0.0882271,0.227739,0.148933,-0.225815,-0.0644394
0.205065,0.00139731,0.0429473,-0.374425,-0.000687693,0.118641,0.181908,0.224111,-0.0878372,0.048853
0.322485,0.00114513,0.0233774,-0.340026,-2.42367e-05,0.0702397,0.198016,0.283359,-0.107461,0.0321639
0.325239,-0.000376721,0.0183361,-0.335442,-0.000547144,0.10049,0.217464,0.131846,-0.0810453,0.00697583
0.307737,-0.000558873,0.0389639,-0.319384,-0.00150256,0.190449,0.302133,0.213486,-0.0930339,0.0352334
0.401623,-0.00101406,-0.0170479,-0.336233,-0.000283586,0.195755,0.29794,0.20435,0.21663,0.128231
0.347332,0.000497144,0.000889396,-0.0277199,0.00158052,0.178725,0.321012,0.15245,-0.0855523,0.112843
-0.0131042,0.0010064,-0.0329265,-0.0188765,-0.00131713,0.0876471,0.306869,0.163501,-0.188781,0.0919785
-0.0318517,-0.00170368,-0.0887278,0.15247,-0.00131507,0.0847925,0.316309,0.189409,0.0501714,0.0852759
0.076813,-0.00141058,-0.134677,0.194975,-0.00105448,0.115642,0.265587,0.250877,-0.180007,-0.0474177
0.133532,0.00139937,-0.113555,0.184053,0.00165575,0.131391,0.264949,0.211656,-0.180885,-0.0514906
0.148631,0.000468211,-0.143868,0.159546,0.000959412,0.0887892,0.26178,0.156354,-0.174069,-0.0319155
0.00773748,0.000455263,-0.10216,0.155221,-8.69494e-05,0.199268,0.14666,0.143882,-0.220167,-0.063625
0.116818,0.00102508,-0.0956393,0.150575,0.000761739,0.090753,0.141096,0.162687,-0.166691,-0.126493
0.00965659,0.00143608,-0.142266,0.150054,6.48118e-05,0.0739713,0.145424,0.164298,-0.211746,-0.168478
-0.0880879,0.000980292,-0.174713,0.186961,-0.000415306,0.0146713,0.149042,0.211495,-0.194645,-0.194915
-0.16351,0.00117778,-0.151473,0.194082,0.000116167,0.00675429,0.118622,0.159605,-0.0869128,-0.206999
-0.215406,-0.000292485,-0.170958,0.28844,-0.000290983,-0.080978,0.163248,0.14528,-0.0156778,-0.24988
-0.264128,9.11797e-05,-0.129005,0.247035,-0.000786553,-0.0933444,0.206636,0.116877,-0.0188897,-0.19302
-0.265237,0.000331088,-0.180227,0.0456593,-0.000498308,-0.177012,0.120338,0.0962441,0.0114473,-0.245509
-0.368184,0.000829426,-0.143981,0.0736165,0.000505583,-0.170095,0.135408,0.114924,0.0190145,-0.239759
-0.381657,0.00136527,-0.152317,0.0925114,0.000345809,-0.117985,0.146008,0.177159,-0.0775954,-0.212838
-0.438531,0.00111172,-0.227745,0.110055,-0.000218543,-0.012285,0.128348,0.134702,-0.0781531,-0.260994
-0.414765,0.00155634,-0.226386,0.133601,-0.0013985,-0.0468214,0.146114,0.136735,-0.142531,-0.177555
-0.358536,0.00115861,-0.22815,0.239111,0.00137046,-0.0565496,0.182996,0.190659,-0.112149,-0.157029
-0.412003,0.000404519,-0.244197,0.261082,0.000539263,-0.0225164,0.283654,0.183142,0.00893494,-0.201262
-0.428675,0.00135421,-0.21691,0.263669,0.000684223,-0.0157501,0.32122,0.192735,0.0559405,-0.0130708
-0.136647,-0.00158168,-0.184029,0.256781,-0.00128745,-0.0413264,0.210026,0.147937,0.0495213,-0.188544
0.155039,0.00117927,-0.180944,0.218841,0.00102658,0.13182,0.234888,0.142435,0.0336064,-0.160376
0.0601612,0.00074865,-0.11225,0.214417,-0.000697846,0.0860599,0.241553,0.108458,0.00339227,-0.226203
0.0688267,0.000277595,-0.0978056,0.220514,0.000919904,0.0692864,0.24989,0.122175,-0.0440661,-0.227313
0.0285904,0.0001088,-0.138101,0.0681694,1.10683e-05,0.146628,0.240023,0.138778,-0.0781546,-0.189687
0.0376932,0.00134735,0.223803,-0.0103442,-0.00138791,0.14121,0.216816,0.115887,-0.108584,-0.192296
0.0599767,0.00124164,0.102064,-0.00423547,-0.000603197,0.0131052,0.114503,0.206505,-0.109338,-0.0728698
0.0425695,0.00155175,0.0914158,-0.0216239,-0.00162243,0.111091,0.19537,0.207686,-0.0886328,-0.00168773
0.0263902,-0.000594758,0.0239264,-0.00476481,0.000174673,0.0891426,0.210749,0.255247,-0.0963429,0.00341756
0.0827747,-0.00152776,0.0202961,0.00836163,-0.000856214,0.0704374,0.166459,0.242098,-0.212211,0.00878756
0.16077,0.00142091,0.0111709,-0.00157819,0.00166542,0.0665871,0.182573,0.295465,-0.201893,-0.0286675
0.18213,-0.000264396,0.11269,0.109851,-0.000392098,0.0577906,0.156534,0.310569,-0.229579,-0.000606224
0.381909,-0.000198704,0.110907,0.0892264,0.00121207,0.0804349,0.173357,0.224562,-0.234929,0.00470993
0.356474,-0.00162631,0.160349,0.00602926,-0.000883515,0.0730697,0.157387,0.233944,-0.227101,0.00791211
0.391233,-0.00125328,0.129009,-0.0290898,0.000827877,0.126503,0.143278,0.23054,-0.256538,-0.105327
0.370043,0.000707371,0.0548649,-0.0808395,-0.00124305,0.0980953,0.141077,0.145736,-0.17584,-0.1077
0.281267,-0.00139684,0.153093,-0.216276,-0.00121907,0.151061,0.204266,0.112101,-0.17386,-0.0590492
0.418247,0.000628902,0.0937971,-0.19486,0.00100495,0.059914,0.151547,0.148786,-0.183548,0.0467876
0.329332,0.00107856,0.162452,-0.198127,0.000835634,0.1094,0.21507,0.103665,-0.143528,-0.167161
0.335893,-0.000591637,0.195628,-0.188035,-0.000726355,0.151564,0.230531,0.0974945,-0.228615,-0.140477
0.327893,0.00015577,0.0423757,-0.150579,0.000272661,0.176169,0.204049,0.115928,-0.141089,-0.144916
0.345742,-0.000108988,0.043791,-0.165423,7.09245e-06,0.186485,0.34086,0.166364,0.026628,-0.096163
0.249161,-0.000451374,0.0313883,0.30965,-0.000296876,0.21032,0.164308,0.19955,-0.125707,-0.0689645
0.178867,0.00165552,-0.0531912,0.0936254,0.00144653,0.0432916,0.197757,0.216267,-0.0817794,0.0592758
0.146433,-6.11421e-05,-0.168788,0.198385,-0.000384586,0.0212681,0.241473,0.253048,-0.0794434,-0.0635786
-0.0232709,-0.000215823,-0.140827,0.172629,0.000783263,-0.0287595,0.281573,0.122317,-0.0784434,-0.0795102
-0.0358596,0.000513632,-0.168248,0.13073,0.000284352,0.00162907,0.272658,0.30906,-0.0174068,-0.0605744
0.0175076,0.000994751,-0.101874,0.126249,0.00080727,-0.0299134,0.291873,0.145087,-0.0600734,-0.0953569
0.126809,-0.00148939,-0.100201,0.131141,0.00133621,0.00663061,0.267213,0.0977831,-0.0962519,-0.260938
0.150517,-0.00148318,-0.0860157,0.171721,0.000862909,-0.200775,0.280063,0.088743,-0.102477,-0.240156
0.172315,-0.00163463,-0.0931795,0.241342,-0.000168296,-0.177998,0.248444,0.180269,-0.0592886,-0.245214
0.157772,-0.00130366,-0.102186,0.306137,0.00153896,-0.224693,0.353564,0.211944,-0.0699008,-0.239766
-0.00247272,0.000735069,-0.109335,0.320253,-0.000466317,-0.223946,0.115772,0.136435,-0.122887,-0.185859
-0.0183551,0.000286068,-0.110918,0.286236,0.000875943,0.0207366,0.174089,0.23934,0.141562,-0.143075
0.0060913,0.000348901,-0.126953,0.254279,0.000104784,-0.0861214,0.114431,0.291258,0.134257,-0.0987753
-0.114573,-0.000412095,-0.130689,0.237936,-0.00170883,-0.0605991,0.139546,0.546221,-0.0463717,-0.114997
-0.144504,0.000267074,0.00982409,0.281741,-0.00166992,-0.155974,0.381883,0.518909,0.0208055,-0.124239
-0.139566,-0.00113981,-0.0204824,0.242399,-0.00141858,-0.0394301,0.248132,0.405281,-0.0151922,-0.138026
-0.299753,0.00165632,-0.158394,0.294108,-0.00101918,-0.0123901,0.199412,0.394598,-0.140772,-0.0406481
-0.367727,1.45502e-05,-0.191299,0.335317,0.00101719,-0.0973227,0.239598,0.37461,-0.0537117,-0.0659081
-0.344925,-0.000892793,-0.186295,0.287622,0.000868926,0.125646,0.228384,0.259535,-0.0116594,-0.0605699
0.0347661,0.00113592,-0.0453161,-0.135016,0.00152902,0.0834869,0.244207,0.367596,-0.0789481,-0.0746753
0.111227,-0.000180421,-0.0899899,-0.136043,0.00017162,0.0984999,0.18163,0.36692,-0.0688033,-0.156505
0.146084,-0.000435424,-0.140449,-0.0581971,-0.00143643,0.149232,0.177191,0.292156,-0.0204259,-0.216891
0.144621,0.00113584,-0.0863267,0.0903096,-0.00169381,0.138998,0.18642,0.159026,-0.162622,-0.208763
0.129936,-0.000275269,-0.0766133,0.0364656,-0.00110204,0.11965,0.202536,0.139869,-0.119289,-0.208758
0.0987253,0.000120483,-0.156796,-0.0139673,-0.00168228,0.0998683,0.208459,0.170724,-0.153337,-0.212913
0.153505,-0.000994346,-0.149747,-0.146325,-0.000924887,0.0858787,0.108021,0.184434,-0.144698,-0.183524
0.3787,0.000848764,-0.0518162,-0.133699,0.000667648,0.102047,0.122168,0.143514,-0.230825,-0.194903
-0.079938,0.00146581,0.0363572,-0.143547,9.21458e-05,0.163727,0.122321,0.201279,-0.155234,-0.169785
0.289659,-0.000979209,0.0929273,-0.13658,0.000816781,0.148693,0.172431,0.254594,-0.253816,-0.0712084
0.236724,0.00028915,0.105544,-0.167983,-0.00121705,0.168795,0.140765,0.275628,-0.231772,-0.000458389
0.361753,-0.000857057,0.084291,-0.117553,-0.00121795,-0.0609615,0.179001,0.163192,-0.186446,-0.185047
0.289046,0.00159624,0.0870798,-0.201499,0.000611541,0.0625207,0.175044,0.231696,-0.14037,-0.105867
0.314183,0.00166384,0.183055,-0.267062,0.000984867,0.0870032,0.145565,0.22771,0.0285449,-0.0989579
0.32726,-0.000425948,0.0816531,-0.375803,0.00125077,0.144525,0.178266,0.252579,-0.0480304,-0.086021
0.300003,-0.000286743,0.081606,-0.306447,0.00119803,0.125646,0.132585,0.315463,-0.0722345,-0.0209075
0.456333,0.000581672,0.0917857,-0.484956,1.96322e-05,0.0611439,0.236695,0.297683,-0.0900979,0.00561471
0.393991,0.00114833,0.123999,-0.518217,-0.00135565,0.0801648,0.246429,0.237471,-0.107898,0.122052
0.403723,0.000614235,0.0661916,-0.475469,0.00156912,0.170002,0.239267,0.176729,-0.0103332,0.0651414
0.418676,0.00112208,0.143895,-0.472128,0.00162168,0.212162,0.179272,0.165058,-0.0222042,0.0575054
0.423047,0.0017377,0.111957,0.281185,-0.0011353,0.191768,0.21269,0.171034,-0.0371936,0.0829237
-0.0403295,-0.00170025,-0.033589,0.244372,-0.000609178,0.194028,0.161764,0.164368,-0.0726164,0.0454427
0.0666341,0.000965076,-0.0854217,0.189039,-0.000763441,0.222766,0.148956,0.22782,-0.0547562,0.0120991
-0.0746429,0.000563332,-0.153448,0.217566,0.00157549,0.151652,0.139476,0.264464,-0.0541861,-0.0271115
-0.0480333,-0.000656582,-0.0999578,0.136374,-0.000882393,0.104349,0.253489,0.215623,-0.0244116,-0.0829351
-0.0523146,9.93264e-05,-0.180507,0.127643,0.000934646,0.0734525,0.147895,0.172021,-0.0219261,-0.113248
-0.0946069,-0.000508777,-0.138018,0.0879617,-0.000533649,0.0502941,0.164059,0.183494,-0.159018,-0.144518
-0.0901161,0.00163379,-0.13837,-0.131026,-0.00160062,0.0562171,0.158438,0.178329,-0.159716,-0.135169
0.101699,-0.000241947,-0.185882,0.111317,0.000692992,0.0235705,0.219546,0.16768,-0.162255,-0.137553
0.0339023,0.00132968,-0.163026,0.0592487,0.000226876,-0.0616305,0.128047,0.15756,-0.156464,-0.24417
-0.053706,0.000468477,-0.0758842,0.259042,0.000340934,-0.0488547,0.167349,0.199461,-0.169895,-0.260095
-0.14398,0.00168949,-0.193518,0.300516,0.00104129,-0.0397714,0.164149,0.134725,-0.1838,-0.207578
-0.0266479,-0.000343632,-0.192865,0.232369,-0.000140527,0.0191027,0.123847,0.282459,-0.12585,-0.198416
-0.290469,-0.000160158,-0.0861532,0.214467,0.000327125,-0.196487,0.183219,0.107509,-0.170144,-0.213885
-0.34232,0.000476934,-0.0980476,0.30203,0.00132113,-0.129323,0.114094,0.230733,-0.0770311,-0.127228
-0.238671,-0.000214843,-0.100414,0.295088,-0.000983374,-0.0561829,0.13603,0.219387,0.129545,-0.168697
-0.368648,0.00169443,-0.175433,0.309128,0.00117529,-0.0716059,0.124957,0.161649,0.114163,-0.227254
-0.322176,-0.000825881,-0.153823,0.256306,-0.000582446,-0.0118419,0.170278,0.154309,0.114863,-0.127228
-0.240143,-0.000202626,-0.124703,0.271017,0.000856803,-0.0371368,0.272924,0.26228,0.0636836,0.000481211
-0.294755,-0.000836938,-0.146768,0.272835,0.000349137,0.129027,0.216489,0.293753,-0.0147641,0.0463103
0.287912,5.73358e-05,-0.145412,0.179905,0.00105725,0.126474,0.187261,0.262207,-0.0390236,0.0204076
0.32053,-0.00065096,-0.120989,-0.102104,-0.0014899,0.0634962,0.220564,0.253188,0.254053,-0.140723
0.0675913,0.00170838,-0.0747351,-0.0815106,-0.00127558,0.0897506,0.117095,0.153964,0.0573165,-0.089438
0.0542881,-0.000960653,-0.0771416,-0.0782858,-1.79004e-05,0.156281,0.152893,0.183929,0.00977395,-0.106097
0.11284,0.000401987,-0.123861,-0.2445,-0.000136763,0.258484,0.172723,0.203274,-0.0241642,-0.035605
0.0614656,-0.00157068,-0.0782508,-0.177389,0.00111703,0.014738,0.280672,0.205561,-0.0858313,-0.0655925
0.0939395,0.000238032,-0.0879967,-0.178653,-0.00148834,0.0315457,0.229461,0.162451,-0.157861,-0.194965
0.0655227,0.000216873,-0.00289859,-0.065795,0.00123249,0.136514,0.155393,0.253394,-0.138891,-0.180092
0.00356826,0.000728731,0.00754402,0.0829171,0.00159521,0.122117,0.252641,0.13159,-0.117197,-0.154518
0.102725,0.00124368,0.083087,0.0665513,-0.000885346,0.131084,0.150618,0.140979,-0.183211,-0.180735
0.2229,0.000683704,0.0920537,0.0268775,-3.12961e-05,0.128366,0.212633,0.145491,-0.230911,-0.160066
0.494849,0.00018849,0.118761,0.0392654,-6.91933e-05,0.125688,0.158019,0.230789,-0.199642,-0.110126
0.462512,0.000964442,0.119768,0.0293641,0.000457003,0.159227,0.106359,0.189581,-0.212795,-0.114856
0.377419,-0.00136128,0.144893,-0.0811784,0.0015649,0.101929,0.154902,0.158939,-0.197361,-0.0195934
0.325521,0.000217527,0.139503,-0.0941615,-0.00108566,0.155553,0.159425,0.25871,-0.142236,-0.00438601
0.336592,-0.000726771,0.0852472,-0.742671,0.00161856,0.175382,0.202805,0.23587,-0.136387,-0.044154
0.264792,-0.00130562,0.0883431,-0.414516,0.00171714,0.14886,0.192959,0.197876,-0.123765,0.010546
0.234771,0.00026294,0.0496687,-0.41431,0.000877517,0.0752857,0.181074,0.268522,-0.196075,0.02125
0.332804,0.00101512,0.0637357,-0.321957,-0.00152454,0.157355,0.221785,0.256125,-0.0794523,0.032653
0.402177,-0.000818378,0.0616023,-0.163719,-0.000346122,0.171293,0.264965,0.214587,0.209549,0.0545161
0.355951,0.00144189,0.0353967,-0.179321,-0.00151177,0.131528,0.305274,0.126975,0.10139,0.0509588
0.230068,0.00160604,0.0259037,0.0612939,0.0014367,0.127435,0.364788,0.137098,-0.0827786,0.0480669
0.191239,-0.000633587,-0.0412064,0.111586,0.000482908,0.155862,0.322431,0.16894,-0.0979132,-0.0352095
-0.00148154,-5.43372e-05,-0.131374,0.101193,-0.000713233,0.14041,0.377235,0.197554,-0.076849,-0.0994322
0.0560285,-5.61557e-05,-0.241676,0.160548,-0.000559441,0.12761,0.28413,0.280849,-0.0408618,-0.143836
0.0263331,0.000416177,-0.202227,0.25637,-8.18605e-06,0.0412511,0.13731,0.214134,-0.0917622,-0.139174
-0.034438,0.00153103,-0.181511,0.239287,-0.00111107,-0.00137164,0.14973,0.211439,-0.0840495,-0.0963175
-0.0738338,-0.00173509,-0.143309,0.185605,-0.00132031,0.0068134,0.14299,0.29506,-0.0135078,-0.0296122
-0.121273,-0.000702352,-0.194438,0.223832,-0.00090029,0.0995421,0.275155,0.190127,-0.122491,-0.130444
-0.135457,0.000311151,-0.137178,0.23387,0.000635569,0.0726148,0.261677,0.140041,-0.141139,-0.181963
-0.140285,-0.000894741,-0.125102,0.159431,0.000670162,0.0724143,0.163814,0.194749,-0.18184,-0.177531
-0.146091,-0.000851743,-0.260099,-0.00122984,0.00011978,0.0144376,0.246346,0.259496,-0.0541273,-0.184005
-0.143258,0.000315977,-0.228056,0.00300714,-0.000664326,0.0264267,0.113945,0.278335,-0.0102693,-0.196695
-0.173396,-0.0011271,-0.189024,0.0452766,0.000665355,-0.0469506,0.124444,0.257588,0.161921,-0.224064
-0.292339,0.00113542,-0.0779089,0.0407719,5.29127e-05,-0.089958,0.170335,0.291564,0.140634,-0.220306
-0.520872,0.00163208,-0.201617,0.10566,-0.000396786,-0.0653059,0.200198,0.252994,0.0821244,-0.228969
-0.49535,0.0013525,-0.161511,0.287992,0.000422736,-0.0554226,0.230301,0.261123,0.0585219,0.108009
-0.481491,-0.000669784,-0.14314,0.294619,0.000775967,0.0542394,0.260922,0.279936,0.0385765,-0.0876131
-0.457527,-0.00167609,-0.152206,0.411645,0.00152507,-0.0119335,0.235987,0.291191,-0.0245641,-0.0691235
-0.356376,-0.000270206,-0.197001,0.415011,-0.00140583,0.0126504,0.222307,0.314569,0.0114454,-0.0654097
-0.330933,0.000125561,-0.191697,0.39569,0.000175019,0.0417384,0.183387,0.424267,-0.0775101,0.172928
-0.148029,0.00118392,-0.197872,0.302328,-0.00121501,0.0170467,0.190437,0.422832,0.0919697,-0.174075
0.162163,-0.00149726,-0.111164,0.292764,-0.0015393,0.14999,0.321168,0.321454,0.0858509,-0.227693
0.226742,0.00099714,-0.0350664,0.219953,-0.000742576,0.16434,0.404452,0.284268,-0.00690793,-0.181865
0.221371,-0.000869583,-0.0049589,0.231185,-0.000797776,0.131025,0.366856,0.236053,-0.0357561,-0.225522
0.277499,0.0013409,-0.244112,0.198586,-1.76928e-05,0.234305,0.316756,0.192216,-0.065753,-0.176502
0.271034,-0.00113058,-0.125977,-0.122162,-0.00161384,0.253191,0.290357,0.203003,-0.0567102,-0.125352
0.27369,0.00150873,-0.101862,-0.165449,0.000292212,0.233363,0.304575,0.229363,-0.0728053,-0.122378
0.237664,-0.00160044,0.052522,-0.123905,0.00107648,0.162374,0.142695,0.223759,-0.131109,-0.173054
0.199861,-0.000303036,-0.0993699,-0.163805,0.00147451,0.167838,0.282935,0.182514,-0.0716913,-0.237526
0.212994,-0.000484582,-0.176522,-0.176636,-0.000316301,0.168252,0.314603,0.301989,-0.236386,-0.212177
0.107713,-0.000150345,-0.0938714,-0.209095,0.000795567,0.100005,0.297388,0.239385,-0.189979,-0.210989
0.110889,-0.000856771,-0.0792834,-0.177057,-0.00152023,0.119807,0.302006,0.213223,-0.181446,-0.181898
0.190672,0.000196355,-0.0425149,-0.0858391,-0.00116916,0.154033,0.236026,0.242171,-0.175781,-0.124803
0.223636,0.000705885,-0.024958,-0.0583969,0.00155875,0.137237,0.200961,0.21697,-0.144846,-0.153525
0.221587,0.00170856,0.123275,-0.152717,-0.000137153,0.137853,0.117314,0.263541,-0.0762491,-0.0421967
0.241125,0.00144497,0.13836,-0.123543,0.00113932,0.123108,0.115603,0.247607,-0.0771204,-0.0410064
0.474403,-0.000229157,0.0940567,-0.124774,-0.0004571,0.140321,0.158214,0.210371,-0.0981198,0.00650062
0.403325,0.000300847,0.082478,-0.125007,0.00100241,0.124752,0.226249,0.177274,-0.177775,0.0147905
0.362192,0.00141242,0.121726,-0.131806,0.00146198,0.0513723,0.180597,0.228989,-0.172323,0.0307076
0.363932,-0.0016896,0.116991,-0.382392,0.000295144,0.0336218,0.188439,0.203678,-0.130184,0.0157174
0.514699,-0.00139286,0.105884,-0.313639,-0.000697999,0.0389707,0.185289,0.223367,-0.0791033,0.19681
0.520347,-0.00162373,0.0925342,-0.364715,-0.000882866,0.118704,0.218279,0.214276,-0.133208,0.160355
0.479678,-0.00156806,0.0805403,-0.408182,0.00142723,0.186446,0.225994,0.201527,-0.107121,0.0889426
0.398941,0.00105234,0.00028238,-0.123019,0.000485757,0.161373,0.556633,0.171288,0.0259287,0.0603885
-0.0139499,0.00053814,0.0111259,-0.162756,-0.00126944,0.167034,0.439179,0.161597,-0.0200831,0.0141744
0.0146461,0.000490848,-0.0306554,-0.180203,-6.0723e-05,0.104305,0.225667,0.197254,-0.0776297,-0.00979103
-0.0783474,0.00117868,-0.0506851,-0.177019,0.000628007,0.0632541,0.263643,0.188895,-0.180611,-0.0165019
-0.0349697,0.000301235,-0.17635,0.0949191,-0.00105982,0.0885898,0.284314,0.169147,-0.21734,-0.0762839
-0.0308798,-3.65819e-05,-0.147462,-0.0642238,0.0010356,0.0833087,0.313744,0.242506,-0.224125,-0.121668
-0.035531,-0.00115058,-0.137358,0.0999407,-0.000436954,0.0407329,0.270741,0.273052,-0.151912,-0.149424
-0.0832544,-0.00110134,-0.214547,0.0800219,-0.00155792,0.0244421,0.239541,0.151759,-0.10421,-0.21462
-0.0715218,0.000432736,-0.167069,0.0212728,-0.00026188,0.0110251,0.24851,0.121286,-0.0676487,-0.219987
-0.0373387,-0.00154676,-0.142288,0.0194787,0.000438955,0.0117083,0.260595,0.186963,0.0221052,-0.229403
-0.174221,-0.00168899,-0.151451,0.0723519,-0.00112062,-0.0900887,0.232547,0.20734,0.0165491,-0.215761
-0.142029,-0.000999213,-0.217328,0.0777178,0.000328227,-0.0195785,0.241679,0.187102,0.0498435,-0.0790629
-0.254727,0.00102037,-0.198891,0.0795576,-0.000274309,-0.125291,0.219446,0.226113,-0.121602,-0.101517
-0.256477,-0.00125199,-0.120709,0.113125,0.00163038,-0.08745,0.247569,0.231801,-0.139967,-0.18419
-0.281503,0.000474478,-0.087487,0.134182,0.000928361,-0.160488,0.28737,0.131787,-0.171171,-0.241331
-0.285481,-1.75249e-05,-0.100062,0.134551,0.00157905,-0.16708,0.209873,0.121015,-0.211273,-0.221746
-0.259357,0.000562767,-0.120788,0.153782,0.000807646,-0.160326,0.14932,0.0957245,-0.152294,-0.244583
-0.230968,0.000165619,-0.245432,0.351047,0.0002093,-0.103757,0.159553,0.170548,-0.0872375,-0.0568766
-0.225802,-0.000957422,-0.164102,0.438361,-0.00128045,0.158477,0.274707,0.159331,-0.0757626,-0.00561026
-0.0422804,0.00132904,-0.24202,0.393367,-0.000865707,0.103449,0.276812,0.234245,0.162874,-0.00588145
-0.0370184,0.00116992,-0.18895,-0.149069,0.000121797,0.0984408,0.239072,0.20011,0.0545444,-0.000108658
0.0885351,-6.35595e-05,-0.104199,-0.300367,0.000136892,0.067476,0.230906,0.196699,0.00209685,-0.0964229
0.0684986,0.000165984,-0.0897156,-0.0485784,0.00149227,0.133293,0.180629,0.174144,-0.0689575,-0.094173
0.117508,0.000113317,0.00831799,-0.0708188,-0.000416394,0.200765,0.159883,0.211004,-0.193224,-0.0822797
0.0856246,-0.00150116,-0.0810418,0.0128518,-0.000744185,0.183733,0.246441,0.23136,-0.140346,-0.108731
0.117339,0.000472009,-0.0990163,-0.0399393,0.00067704,0.210948,0.212631,0.219971,-0.133407,-0.107878
0.351502,-0.00145721,-0.0854558,0.0230565,0.000667123,0.2142,0.119847,0.163246,-0.121264,-0.112095
0.33261,-0.00141621,-0.0908002,-0.0735107,0.0011021,0.240633,0.12944,0.207949,-0.167973,-0.148642
0.239527,0.000520514,-0.107738,-0.0686752,0.000434855,0.212218,0.210799,0.246552,-0.193829,-0.176246
0.18352,0.000207037,0.0435363,-0.0547691,0.00103719,0.198107,0.132688,0.247069,-0.135133,-0.188086
0.126423,-0.000681729,0.217336,-0.0472466,-0.000693775,0.209763,0.17362,0.258684,-0.122069,0.374788
0.112289,0.00157668,0.203007,-0.194149,-0.000863963,0.113127,0.177325,0.310486,-0.135425,-0.182249
0.262964,0.00160369,0.224915,-0.262641,-0.00162992,0.165321,0.183009,0.345355,-0.150729,0.0457575
0.33483,0.000205286,0.111235,-0.237476,-0.000369774,0.167856,0.187428,0.172619,-0.142959,-0.0293963
0.499458,0.000694652,0.109496,-0.200457,0.00146317,0.143435,0.245317,0.214197,-0.120685,-0.0540605
0.430592,-0.00127703,0.0539892,-0.199347,0.00166264,0.140568,0.186692,0.232369,-0.06877,-0.0483437
0.36282,0.00109506,0.0740301,-0.269985,6.97167e-05,0.172944,0.199292,0.262232,-0.163276,0.107402
0.285979,-0.000901673,0.00144848,-0.360329,0.000599554,0.153241,0.206242,0.190312,0.446617,0.165008
0.177202,0.000401891,0.00161218,-0.296949,-0.001278,0.101923,0.230904,0.20628,-0.0786416,0.14554
0.103366,0.000535786,-0.050532,-0.153311,0.000269451,0.0736776,0.211923,0.193586,-0.0769296,0.0975971
0.1069,7.13989e-05,-0.0974078,-0.0969129,0.0014657,0.06519,0.186687,0.198422,-0.048111,-0.140344
0.0103185,0.000925339,-0.0882471,0.145894,0.00121397,0.065107,0.20417,0.242768,-0.104183,-0.0969544
-0.0324228,0.00153926,-0.147328,0.249818,-0.00127135,0.0725543,0.245335,0.242668,-0.210337,-0.1289
-0.0198539,-0.000173868,-0.0771581,0.165714,-0.00158528,0.0267114,0.209526,0.128437,-0.141115,-0.145194
-0.0164447,-0.000294115,-0.118709,0.119938,0.00097453,0.0542192,0.195014,0.191613,-0.126136,-0.157439
-0.0387923,-0.000603033,-0.12586,0.202604,0.000782362,0.0813264,0.293172,0.249511,-0.0448808,-0.171036
-0.00783202,-0.00116949,-0.152227,0.268495,0.00114908,0.0388449,0.26002,0.224162,-0.0703801,-0.209589
-0.0425031,0.00127357,-0.233297,0.282757,0.00151083,0.064817,0.252482,0.153814,-0.0792435,-0.215507
0.00833128,-0.000441788,-0.212638,0.262419,0.000760887,0.00650249,0.211528,0.184778,-0.0567094,-0.221569
-0.042012,0.00103895,-0.172824,0.285559,0.000795272,0.00701643,0.210405,0.226047,-0.0931454,-0.20198
-0.133544,-0.00142142,-0.111882,0.237492,-0.00044701,-0.0634379,0.197635,0.310081,-0.0939832,-0.190517
-0.127799,0.000885082,-0.121225,0.281339,0.000432045,-0.0683638,0.211288,0.28861,-0.0613306,-0.195922
-0.178453,0.000959339,-0.100497,0.300445,-0.00108555,-0.0699443,0.152086,0.284391,-0.0672589,-0.14583
-0.199001,0.00154998,-0.143171,0.277166,0.000248635,-0.0679117,0.193538,0.276606,-0.0456497,-0.111533
-0.164895,0.000649393,-0.172638,0.272502,0.000371146,-0.0824561,0.174139,0.298683,-0.0824917,-0.0739834
-0.213873,-0.000255527,-0.156535,0.277226,0.000581401,-0.115098,0.175349,0.285544,-0.0715427,-0.0621203
-0.210235,-0.000634073,-0.21105,0.314611,-0.000964648,-0.0901954,0.194738,0.292196,-0.0283539,-0.11803
-0.255841,-7.3512e-07,-0.155634,0.313712,-0.00122456,-0.0597351,0.208434,0.286143,-0.0103345,-0.110694
-0.631947,0.00031346,-0.183247,0.272106,0.000510808,0.00779271,0.217926,0.294665,-0.0535148,0.145955
-0.702779,0.000203145,-0.255582,0.227828,-0.000867463,0.0223764,0.213492,0.254791,-0.0133078,0.0921993
0.0604831,0.000891711,-0.173344,0.231079,0.00115247,0.114786,0.284846,0.273381,-0.0534895,-0.155426
0.0503047,-9.85197e-05,-0.0295583,0.0885016,-0.000118183,0.112446,0.142723,0.291904,0.0436078,-0.0760675
0.148512,-0.00048427,-0.102254,0.120534,0.000930321,0.184356,0.22412,0.222954,-0.0827321,-0.0679774
0.168008,-0.00149297,-0.0916497,0.22001,6.20991e-05,0.139151,0.288983,0.180847,-0.101401,-0.0802979
0.260217,0.000259081,-0.0700631,0.0679333,-0.00117572,0.154994,0.216355,0.189224,-0.112843,-0.139967
0.26119,1.49857e-05,-0.135175,0.106384,-0.00103059,0.190065,0.166159,0.201729,-0.115671,-0.182375
0.243571,0.00134532,-0.0674925,0.0545309,0.00167023,0.187343,0.241435,0.173382,-0.154874,-0.0890276
0.272744,-0.000171888,-0.0649229,0.101312,0.000360654,0.206239,0.391106,0.168056,-0.169211,-0.117294
0.205343,-0.000300944,0.0206601,0.0430745,-0.00140823,0.0638088,0.297937,0.204387,-0.199866,-0.116074
0.357097,-0.000459015,0.0120791,-0.000598466,-0.00140577,0.142963,0.276278,0.160839,-0.177953,-0.16447
0.319303,-0.00102928,0.0343545,-0.0486367,0.000474238,0.0497256,0.224275,0.169831,-0.170337,-0.154223
0.254025,-0.00119112,0.0484386,0.0597334,-0.000336352,0.0801451,0.156386,0.203195,-0.161408,-0.126838
0.172847,0.00136253,0.00597417,-0.070818,0.000970792,0.161604,0.128106,0.168796,-0.199587,-0.0317489
0.413815,-0.000660206,-0.0126073,-0.0962057,0.000244649,0.16745,0.134906,0.186375,-0.144291,0.00433225
0.203251,0.000336828,0.211453,-0.0866932,0.000251349,0.148934,0.175509,0.232065,-0.195122,0.0602768
0.339579,-0.00117418,0.131955,-0.201145,-0.000545774,0.0711327,0.163948,0.225544,-0.199408,-0.0077973
0.309294,-0.000749771,0.122473,-0.265821,-0.000794898,0.14444,0.143125,0.24086,-0.131613,0.0025279
0.301747,0.000903553,0.109742,-0.309607,-0.000529153,0.123804,0.10767,0.244706,-0.095744,0.0330015
0.345308,-0.00099029,0.118513,-0.443246,0.000125466,0.147544,0.245498,0.305264,-0.052128,0.0460402
0.3809,-0.000230273,0.0715794,-0.54014,0.000103279,0.140358,0.301934,0.217491,-0.0626532,-0.00641116
0.374778,0.0011862,0.0250702,-0.505092,-0.000616527,0.120535,0.217512,0.412133,-0.0633951,-0.0963343
0.30597,-0.00061831,0.0366627,-0.44426,-0.00032612,0.232447,0.224272,0.303872,-0.122581,-0.0468799
0.288642,0.000132554,0.0810431,-0.305469,2.9118e-05,0.24923,0.180798,0.154656,0.168516,-0.0489409
0.1624,-0.00109819,0.017852,0.00405101,0.00116982,0.130008,0.263507,0.111811,0.127012,-0.0582088
0.0496579,0.00153517,0.0114808,0.0363147,0.000627969,0.178407,0.238716,0.239201,-0.178693,-0.0456014
0.0919585,-0.000795048,-0.0172246,0.0525562,-0.000979306,0.153928,0.226765,0.225383,-0.180248,-0.0612762
0.0141831,-0.000636326,-0.146193,0.0647553,-0.00131267,0.163948,0.23687,0.261007,-0.21418,-0.0615509
-0.00152609,0.00161672,-0.203827,0.127239,0.00151412,0.219153,0.120751,0.302276,-0.0958128,-0.0160303
-0.0589535,-0.00120639,-0.207062,0.0880183,-0.00100859,0.151096,0.161915,0.300475,-0.088581,-0.160601
0.0117129,-0.00136178,-0.215141,0.0998566,-1.5689e-05,0.00646066,0.235781,0.220712,-0.109087,-0.210755
0.0577317,-0.000750581,-0.21461,0.129436,-0.0009398,0.0225616,0.182911,0.180118,-0.0532373,-0.128316
0.0446468,-0.00106167,-0.146694,0.170221,0.00117415,0.185878,0.184548,0.256998,-0.0752661,-0.234035
-0.000152053,-0.000144017,-0.149402,0.287408,-0.00155646,0.112451,0.185994,0.352983,-0.128489,-0.165603
0.00469363,-0.000697277,-0.17901,0.333536,-0.000696437,0.068219,0.167929,0.177032,-0.145021,-0.193274
-0.0465886,-0.00107364,-0.133133,0.315756,-0.00052019,-0.0155421,0.21745,0.202339,-0.139426,-0.10623
-0.277181,0.00168219,-0.1052,0.351801,-0.000646555,-0.0305816,0.251995,0.321329,-0.190436,-0.197632
-0.331255,-0.000197223,-0.0740732,0.333662,-0.00111894,-0.0608853,0.237505,0.244578,0.0273873,-0.193789
-0.298139,0.000318446,-0.145889,0.313816,5.77294e-05,-0.116817,0.267644,0.260381,-0.163756,-0.237887
-0.267135,0.000327974,-0.0643091,0.312139,0.000825558,-0.0567579,0.203807,0.263684,-0.114406,-0.200707
-0.287529,-0.00132051,-0.118119,0.377582,0.000753598,-0.0893214,0.231077,0.290559,-0.0807883,-0.222158
-0.353097,-0.000609921,-0.141751,0.410795,0.000908911,-0.0972018,0.247636,0.28119,-0.0683348,-0.221779
-0.309645,-0.00153551,-0.108901,0.356968,2.00563e-05,-0.114807,0.253394,0.254354,-0.136741,-0.248963
-0.310465,0.000648297,-0.109696,0.438947,-0.000841704,-0.0150815,0.285901,0.310773,-0.00951066,-0.24734
-0.316002,0.000206791,-0.192284,0.291116,-0.000311041,0.113072,0.217446,0.337525,-0.0567331,0.109265
0.0785619,0.00136061,-0.129454,0.0555162,-0.000633497,0.126058,0.272031,0.355536,0.0184095,-0.175376
0.0963787,5.92726e-06,-0.191942,0.0541066,-0.000949501,0.160804,0.221818,0.294982,-0.0218281,-0.147051
0.0890161,-0.000107364,-0.227376,-0.163032,0.0011173,0.0926464,0.18031,0.307706,-0.0914852,-0.105772
0.159608,-0.000662275,-0.130247,-0.031552,-0.000391912,0.0753429,0.241747,0.188914,-0.117231,-0.208986
0.152972,0.000195464,-0.15174,0.207265,0.000303659,0.0765455,0.203103,0.181892,-0.196696,-0.249042
0.189592,-7.48734e-05,0.187274,0.0890188,0.000226263,0.160547,0.242623,0.168717,-0.108657,-0.166873
0.133946,-0.00150647,-0.192056,-0.068697,-0.000977154,0.0766782,0.259705,0.119739,-0.184678,-0.158785
0.167737,0.00153298,-0.17275,0.165899,0.000242494,0.0981219,0.130206,0.136923,-0.179725,-0.141022
0.143621,-0.000192111,-0.0985926,0.0564114,-0.0015877,0.133409,0.109831,0.12091,-0.134598,-0.188698
0.1035,-0.000156992,-0.0241158,-0.000919988,-0.000629111,0.167596,0.108319,0.117187,-0.155563,-0.182819
0.0272331,0.00166167,-0.0394554,-0.0213691,-0.000558433,0.235433,0.254365,0.124697,-0.173977,-0.128232
0.0494172,0.0012009,-0.0649173,-0.0753869,-0.000227116,0.245904,0.232123,0.140394,-0.0746859,-0.119388
0.226302,-0.00027248,0.00144873,-0.113305,0.00169212,0.00919067,0.18757,0.208024,-0.0266801,-0.10775
0.226505,-0.000563457,0.0241413,-0.0784467,-0.00169285,0.0736688,0.23711,0.185148,-0.137482,-0.11964
0.344657,0.00133881,0.117772,-0.13381,0.000729575,0.137187,0.245607,0.220377,-0.135546,-0.0956944
0.378894,0.000735171,0.0993541,-0.144016,-0.000994207,0.106012,0.311522,0.292888,-0.214517,-0.013479
0.361934,0.000267273,-0.00915039,-0.183999,-0.000423539,0.105128,0.276123,0.248851,-0.215917,0.00842686
0.384148,-0.000380069,0.011248,-0.174057,0.00111019,0.1226,0.270045,0.220056,-0.199113,0.0676309
0.397477,-0.00113493,0.0133184,-0.271248,-0.00127441,0.136201,0.206702,0.357573,-0.17038,0.0132436
0.392753,-0.0015539,0.116426,-0.379309,-0.000384343,0.175126,0.196113,0.358461,-0.162281,0.160658
0.356003,0.00162578,-0.0026136,-0.347043,-0.000115084,0.194053,0.233785,0.216385,-0.0324364,0.176354
0.40945,0.000162614,0.0258066,-0.237585,-0.00144528,0.14917,0.307116,0.159578,-0.0545756,0.142507
0.392347,0.000796995,0.0365595,-0.185992,0.000928582,0.179706,0.335439,0.192074,0.0391021,-0.0142903
0.349044,-0.00136265,0.00626925,0.363259,0.000627271,0.187096,0.210365,0.13574,-0.019875,-0.0182532
-0.311548,-0.00163058,-0.0262925,-0.130249,6.35833e-05,0.137839,0.175999,0.213893,-0.204482,-0.0555489
-0.316816,0.00146384,-0.0252276,-0.142114,-0.000125918,0.163468,0.14432,0.333361,-0.195669,-0.0355216
-0.161908,-0.000796545,-0.0973419,0.0962842,0.000447364,0.117169,0.194529,0.242947,-0.219764,-0.0653851
-0.194822,0.00132845,-0.248292,0.455872,-0.00103986,0.135006,0.23314,0.220395,-0.0934281,-0.0325955
0.0372853,0.0014395,-0.236352,0.441193,-0.000461745,0.163031,0.173957,0.292328,-0.116222,-0.0709194
0.0417671,0.000935897,-0.247165,0.433681,-1.00491e-05,0.13168,0.141515,0.294908,-0.036262,-0.0350799
0.110938,0.000535066,-0.221323,0.387157,0.000680546,0.196225,0.167512,0.247737,-0.0114979,-0.0438971
0.0527069,0.00114101,-0.0506577,0.292174,0.00148667,0.100954,0.171376,0.259489,-0.091276,-0.234783
-0.0152028,0.00151163,-0.122323,0.25555,-0.00145246,0.0956547,0.204459,0.19689,-0.129744,-0.209705
-0.317934,-0.0015012,-0.130111,0.277867,-0.00125701,-0.015566,0.20896,0.140598,-0.163011,-0.187606
-0.159926,0.00125072,-0.224366,0.378681,0.00122292,-0.053098,0.252352,0.220858,-0.131684,-0.206122
-0.340239,3.46226e-05,-0.238334,0.332326,0.000546453,-0.0758344,0.263573,0.200665,-0.0325063,-0.188027
-0.322398,-0.000446621,-0.210452,0.303994,0.00123826,-0.0909511,0.244909,0.236254,-0.0183895,-0.10855
-0.266966,-0.0013856,-0.112259,0.301525,-1.02017e-05,-0.131973,0.189132,0.228291,-0.000183768,-0.215016
-0.271114,-0.000915041,-0.110109,0.294444,-0.00121245,-0.110082,0.23231,0.249628,-0.0168243,-0.18972
-0.216004,-0.000503456,-0.134555,0.287735,0.00149194,-0.0637912,0.235349,0.243758,0.0638935,-0.0542175
-0.386024,0.000715046,-0.193562,0.283277,0.00150229,-0.0483713,0.421173,0.265694,0.111932,0.00330963
-0.28644,-3.32284e-05,-0.232981,0.273149,0.0013634,-0.00901822,0.348474,0.302196,0.0711683,0.0448483
0.238497,0.00103141,-0.228748,0.236183,-0.000393466,0.0699196,0.278174,0.34434,-0.091895,-0.24669
0.16972,-0.000122038,-0.0403665,0.0592177,8.76142e-05,0.169602,0.310896,0.334362,-0.0742296,0.0540185
0.127409,-0.000575328,-0.116986,0.161671,0.000499778,0.113815,0.276289,0.294108,-0.10415,-0.11614
0.137735,-0.000367283,-0.0544586,0.0870335,0.000207332,0.130993,0.187202,0.205354,-0.1431,-0.22641
0.133361,0.000597274,-0.00922824,0.112074,0.00135333,0.181322,0.207664,0.193238,-0.186639,-0.164878
0.202905,-0.00142919,-0.0508871,0.0290614,-0.000136473,0.212192,0.208745,0.0927685,-0.217147,-0.133187
0.217476,0.00047095,-0.0503364,0.0115753,-0.00122062,0.219579,0.215085,0.266333,-0.198464,-0.172938
0.208738,0.000143635,0.0489963,0.0570244,-0.00140966,0.168258,0.142581,0.215778,-0.227453,-0.193253
0.207829,0.000449437,0.0365574,0.0349449,-0.00154095,0.131285,0.188326,0.188221,-0.213722,-0.180522
0.183501,4.84441e-05,0.0695063,-0.187206,-0.00153376,0.131455,0.11681,0.182752,-0.168901,0.00412288
-0.0655706,0.000379974,0.0999289,-0.117123,-0.00173214,0.103523,0.144212,0.181747,-0.138742,0.158372
0.379405,0.00155084,0.0786878,-0.0635034,-0.00124626,0.000428248,0.195383,0.21334,-0.142942,0.013545
0.349806,-4.60375e-05,0.0982406,-0.273743,0.00163677,0.0984258,0.141851,0.225951,-0.141974,0.0313559
0.279435,0.000423337,0.0372733,-0.29169,-0.00140547,0.109475,0.157616,0.193595,-0.0200512,0.0156038
0.347413,0.00166547,0.0755765,-0.326509,0.00037595,0.0744137,0.184251,0.220187,-0.0446898,0.0553424
0.336957,0.0015228,0.0453499,-0.272862,0.00146483,0.0610771,0.183322,0.261938,0.0496519,0.119059
0.290504,-0.000339547,0.113081,-0.256959,-0.000610772,0.0206867,0.19909,0.268899,0.0220843,0.039967
0.417064,-0.000328366,0.127125,-0.303721,0.00132411,0.169755,0.183115,0.231704,-0.159795,0.0531237
0.419537,0.000681303,0.0206413,-0.358877,0.00085804,0.116353,0.32117,0.164275,-0.0296549,-0.0266119
0.443398,-0.000489421,-0.014103,-0.0163826,0.000520788,0.184312,0.323427,0.139249,0.0517769,-0.0217557
0.359272,0.000712086,-0.0243695,-0.0782227,0.000516707,0.246308,0.287174,0.108805,0.0564176,0.00980819
0.260243,-0.000247574,-0.0573501,0.353993,-0.000910982,0.0359815,0.131288,0.136938,-0.0283101,0.00794857
0.0876384,0.00153364,-0.153684,0.300254,0.00108462,0.126195,0.104318,0.158648,-0.0480715,-0.0439621
0.125641,0.00153981,-0.233815,0.280409,-0.00122826,0.0970756,0.138982,0.191764,0.00382191,-0.0715976
0.143139,0.000668236,-0.261607,0.247732,2.34612e-06,0.109556,0.183153,0.229117,-0.0173509,-0.0252701
0.180106,-0.00174144,-0.236197,0.263039,-0.000892176,0.10116,0.111514,0.169699,-0.0158973,-0.045919
0.178928,-0.00160794,-0.235675,0.268453,0.000957728,0.131186,0.135982,0.19173,-0.00954413,-0.056698
0.128532,-0.00140575,-0.223165,0.326948,0.000270478,0.159591,0.135969,0.179151,-0.0948264,-0.0791255
0.00297621,0.000486183,-0.132563,0.338313,-0.00128108,0.10594,0.143047,0.254244,-0.0131633,-0.0940183
-0.00225872,0.000485943,-0.123308,0.349588,0.00124008,-0.0371499,0.153592,0.228073,0.00190346,-0.221777
-0.0589793,0.000988997,-0.197122,0.27508,0.000366213,-0.074224,0.188389,0.213485,-0.049239,-0.19411
-0.136603,-0.00159339,-0.1329,0.0528005,-0.000723023,-0.0598362,0.187067,0.220584,-0.038303,-0.198002
-0.11993,-0.0009092,-0.076058,0.0753765,0.000432151,-0.0196384,0.15184,0.194718,-0.0637644,-0.212682
-0.0810007,-0.00158122,-0.0455442,0.160464,0.000713957,-0.0541021,0.232308,0.172724,-0.0171384,-0.200746
-0.168724,0.000442115,-0.11329,0.115913,0.00173209,-0.079951,0.242122,0.158441,0.0986007,-0.251263
-0.165297,-0.000651637,-0.0787502,0.125085,-0.000835408,-0.0705924,0.288779,0.16201,0.175865,-0.255462
-0.301258,-0.00116926,-0.0476165,0.158395,0.00162061,-0.0824373,0.229583,0.156177,0.235305,-0.176077
-0.308932,-0.000495712,-0.228096,0.285226,-0.00112476,-0.0602161,0.25079,0.214275,0.08948,-0.232241
-0.321056,0.000637882,-0.174469,0.372025,-0.00167337,-0.103225,0.188001,0.174788,0.144447,-0.181385
-0.35392,-0.0012803,-0.189093,0.36037,0.00130503,-0.0859373,0.12436,0.106859,0.155002,-0.201978
-0.425013,0.000942627,-0.217447,0.332205,0.000239943,-0.097442,0.161798,0.131642,0.0890546,-0.206795
-0.409205,-0.00140516,-0.240022,0.38569,-0.000851494,-0.13672,0.194047,0.239494,0.0637416,0.124657
0.330393,0.000222846,-0.217556,0.364409,0.000854858,-0.0778819,0.104554,0.241355,-0.200513,-0.154884
0.234666,-0.000659388,-0.17798,0.39562,-0.000355885,0.0445587,0.39074,0.239256,-0.17922,-0.177351
0.13812,0.00142959,-0.153952,0.21397,0.000502825,0.157531,0.36182,0.221762,-0.0755934,-0.221365
0.114313,0.000575962,-0.0936448,-0.262216,0.000933784,0.201104,0.206389,0.178616,-0.0663772,-0.107173
0.125679,-0.000348267,-0.104623,-0.252687,-7.83716e-05,0.198604,0.2588,0.154757,-0.163249,-0.179881
0.0603299,-0.00141282,-0.0295967,-0.0898971,0.000712583,0.256695,0.287835,0.109927,-0.120573,-0.107138
0.0540275,-0.0014703,0.00335396,-0.0649891,-0.00138102,0.199702,0.300363,0.155823,-0.210607,-0.139907
0.167836,0.00124447,-0.0825508,0.209593,0.00169991,0.124428,0.285042,0.132375,-0.154968,-0.116024
0.164117,0.000284514,0.0440653,0.0987379,0.00152957,0.145871,0.220137,0.127146,-0.171499,-0.109079
0.202064,0.00156698,9.32495e-05,0.0171453,-0.000635411,0.159792,0.221888,0.0902589,-0.185144,-0.0999815
0.333965,0.000980037,0.102437,-0.012386,-0.000366523,0.0162485,0.160555,0.191648,-0.173321,-0.0598791
0.362437,0.000741337,0.091691,-0.0500112,-0.000262539,-0.0600663,0.223158,0.17925,-0.222725,-0.148084
0.258496,-0.000613572,0.104858,-0.0406815,0.000843335,0.234502,0.148023,0.111386,-0.192372,-0.174435
0.246216,0.000982895,0.0657825,-0.140353,0.00166922,0.238023,0.135756,0.115729,-0.204047,-0.134356
0.452611,0.000130712,0.079428,-0.26004,-0.000201028,0.150442,0.132897,0.114014,-0.192922,-0.133679
0.492704,0.000554737,0.088581,-0.0922362,0.000216612,0.131292,0.120206,0.157224,-0.165517,0.0314511
0.509467,-0.000226022,0.0320454,-0.229827,0.00100087,0.174903,0.161684,0.140024,-0.231168,0.0639326
0.521354,0.001194,0.0732318,-0.277688,-0.000139079,0.171685,0.201379,0.152196,-0.0981076,0.0327397
0.471161,1.76963e-05,0.0813713,-0.301514,-0.000417427,0.147761,0.194031,0.264832,-0.178926,0.043465
0.4413,-0.000717906,0.0560411,-0.288889,0.000865826,0.166791,0.20119,0.449907,0.0552645,0.085841
0.235934,-0.000686204,-0.0624755,-0.24211,-0.000615575,0.206918,0.204562,0.425919,0.112036,-0.0372255
0.23247,0.000785341,-0.0862502,-0.102801,0.000241553,0.0914433,0.175617,0.422724,0.10389,-0.0429682
0.158263,-0.000472052,-0.0646381,0.183001,-0.000545957,0.138079,0.118677,0.386063,0.0346756,-0.0598835
0.130967,-0.00155389,-0.0548795,0.160304,0.00121462,0.11878,0.136513,0.202127,-0.0347359,-0.0259978
0.075758,-0.00163067,-0.132522,0.191052,0.00140333,-0.00487375,0.151825,0.226132,-0.0512891,-0.0949913
0.0721515,-0.000470261,-0.156762,0.219416,4.73226e-06,0.0175781,0.146219,0.23919,-0.120094,-0.0936262
0.0175163,-0.000523257,-0.150067,0.167038,-0.0010987,0.0280979,0.179321,0.239151,-0.154182,-0.156734
-0.1392,-0.00164344,-0.143452,0.0825532,0.000895429,0.0215106,0.251184,0.255843,-0.0549447,-0.18868
-0.183475,0.000299905,-0.150294,0.0913164,0.000823635,-0.0267756,0.220983,0.177179,-0.0995484,-0.18904
-0.177738,0.000923351,-0.0457879,0.128661,-0.00127106,-0.0144951,0.304169,0.171552,-0.148273,-0.242736
-0.255537,0.000802042,-0.0250055,0.122716,0.000499132,-0.106186,0.267504,0.184865,-0.156405,-0.213623
-0.286178,-0.000858527,-0.0182252,0.103864,0.00086276,-0.0467433,0.276182,0.177591,-0.159658,-0.182245
-0.131368,-0.00121012,-0.160092,0.159915,0.000697713,-0.0620937,0.238729,0.159127,-0.223783,-0.137773
-0.152056,-0.000115143,-0.177699,0.209187,0.000650646,0.0327218,0.157514,0.186293,-0.215663,-0.19765
-0.289397,0.00132221,-0.0990146,0.383413,0.000619639,-0.122993,0.174795,0.15525,-0.207109,-0.199234
-0.265933,0.000169747,-0.0975017,0.295819,0.00111539,-0.124355,0.174141,0.277392,-0.158595,-0.13933
-0.20661,-0.000266397,-0.137445,0.366501,-0.00121341,-0.0858857,0.200828,0.264008,-0.0395303,-0.124374
-0.371775,-0.00151654,-0.164653,0.379165,0.000833378,0.016518,0.200744,0.397457,-0.0776426,-0.119178
-0.248693,-0.000533079,-0.22526,0.317392,-0.00115397,0.0888072,0.174398,0.375192,-0.00508382,0.0412711
-0.0632141,7.04051e-05,-0.121405,0.228369,-9.17674e-05,0.103114,0.15854,0.338978,0.18219,-0.0645362
-0.0502024,0.000212644,-0.103551,0.162275,0.000562837,0.149911,0.139428,0.125848,0.155612,-0.0751138
0.150832,-0.000780602,-0.190935,0.111178,-0.000620042,0.109713,0.224688,0.303711,-0.0809472,-0.0993521
0.180593,0.000431954,-0.0511439,-0.0373656,0.00129723,0.104316,0.213088,0.23973,-0.0727221,-0.10265
0.184676,0.000684698,-0.0534237,-0.053271,-0.000290606,0.146393,0.21225,0.242688,-0.0803696,-0.155843
0.208537,-0.00131013,-0.0685138,0.00994332,-0.00105071,0.112046,0.197784,0.271349,-0.0882143,-0.180841
0.228231,-0.000688034,-0.0755261,-0.00952745,-0.000466909,0.0705952,0.199517,0.219829,-0.170151,-0.131259
0.205479,0.00123641,-0.036968,-0.00272968,0.00116517,0.0725807,0.165054,0.182205,-0.185971,-0.166058
0.190319,-0.000972801,-0.0127526,-0.0866907,-0.000988086,0.0750155,0.0968133,0.152601,-0.200346,-0.168291
0.227491,-0.000905219,-0.0675635,-0.0695238,-0.00136547,0.111172,0.111741,0.107547,-0.260831,-0.166749
0.240711,-0.000134652,0.011512,-0.0984307,-0.00108418,0.113747,0.132353,0.104386,-0.251532,-0.19906
0.219345,0.00106595,0.0478529,-0.0940152,0.00124326,0.157228,0.121803,0.106437,-0.216184,-0.210378
0.219418,-0.000243127,0.103205,-0.0826496,-0.00142864,0.12228,0.142926,0.14962,-0.179818,-0.222591
0.186858,0.000142342,0.112466,-0.434299,-0.0010873,0.156986,0.19316,0.146689,-0.12608,-0.178514
0.179284,-0.000548608,0.0949318,-0.512757,0.00138849,0.0679081,0.191594,0.193083,-0.109994,-0.151627
0.263983,-0.000220856,0.100761,-0.55071,-5.86845e-05,0.0592605,0.228044,0.148218,-0.0251879,-0.113095
0.319301,-9.22282e-05,0.0917089,-0.464742,0.000550453,0.165365,0.177704,0.242917,-0.00191868,0.0718155
0.425085,-0.000220454,-0.026699,-0.352457,-0.000588589,0.045096,0.457558,0.20751,-0.137918,0.122423
0.355294,0.000180535,0.0152815,-0.382569,-0.000209491,0.209554,0.374464,0.178186,0.143047,0.147786
0.175693,-0.000432102,0.0195333,0.164853,-0.00109281,0.201994,0.250955,0.1079,0.0318501,0.0849617
0.176873,0.000379537,0.00759047,0.161351,0.0014421,-0.0656615,0.227903,0.110139,0.0332091,0.0653172
0.118088,0.00125382,-0.0657966,0.156784,-0.000124549,0.0196383,0.235438,0.19285,-0.0245521,-0.0702915
0.0849352,0.000894207,-0.059388,0.0257008,-0.00112678,0.0368737,0.19846,0.183696,-0.0309163,-0.0822204
0.0814878,0.000857437,-0.148413,0.0418944,-0.000482314,0.0866936,0.213418,0.246845,-0.0819082,-0.157699
-0.0542796,0.00161611,-0.157539,-0.0511695,-0.000757366,0.0494178,0.308594,0.310837,-0.147275,-0.137349
-0.0420309,0.0011342,-0.177687,0.0245797,-0.000105734,0.0702864,0.0993976,0.243785,-0.147735,-0.162212
-0.0752815,-0.00138847,-0.206911,0.117925,-0.000915604,0.0699696,0.134332,0.17742,-0.11397,-0.192642
-0.150513,-0.00120284,-0.204068,0.102341,0.000434126,0.0964163,0.176412,0.182945,-0.140015,-0.177621
-0.153196,0.000527052,-0.0919438,0.0953484,-0.00123211,-0.116965,0.206901,0.136055,-0.141009,-0.204587
-0.143559,0.000491648,0.0701125,0.13723,-0.000290826,-0.116488,0.275982,0.157398,-0.0122095,-0.115696
-0.123812,4.08503e-05,0.0349084,0.189455,-0.000465583,-0.0253477,0.237077,0.210814,-0.0278663,-0.139284
-0.0709716,-0.0011768,0.0021202,0.18908,0.000447629,-0.0803838,0.204559,0.245974,-0.142755,-0.18282
-0.314357,-0.000645287,-0.0363573,0.156714,-0.00101223,-0.108976,0.189943,0.23981,0.148963,-0.206265
-0.206072,0.000253392,-0.0440591,0.244928,0.00091217,-0.039537,0.238986,0.241794,0.00998098,-0.105076
-0.320573,0.000717172,-0.212532,0.254666,0.000298221,-0.162903,0.260325,0.389245,-0.166202,-0.132491
-0.276969,0.000101935,-0.0955938,0.320523,-0.000944621,-0.00882949,0.245931,0.159968,-0.0733055,-0.216866
-0.321572,-0.000580486,-0.111349,0.347221,0.00130823,-0.0622837,0.227775,0.182452,-0.133417,-0.199736
-0.217412,-0.000614985,-0.101985,0.334683,0.000640513,-0.0625752,0.233667,0.249015,0.101117,-0.115615
-0.288533,-0.000856107,-0.161535,0.368514,-0.000173215,-0.0365281,0.238056,0.217275,0.00283804,-0.0382706
-0.399099,-0.00132987,-0.207404,0.293908,-0.00048587,0.0345948,0.22106,0.324647,-0.0343092,0.31308
-0.327416,-0.000679232,-0.231608,0.355336,-0.00150509,0.0466689,0.267493,0.393768,0.0168645,-0.131994
-0.0230686,-0.000681528,-0.217757,0.15212,-0.000689283,0.0475219,0.21415,0.206369,0.0247618,-0.0591099
0.16169,-0.000582519,-0.0932516,0.138808,-0.000950436,0.116308,0.258333,0.226262,-0.0670568,-0.0874274
0.174914,0.00118165,-0.0732957,0.0910705,-0.000333873,0.218231,0.252776,0.21215,-0.0935726,-0.118505
0.201838,0.00158199,-0.0354523,0.0626369,0.000495437,0.179743,0.229967,0.218511,-0.173343,-0.154471
0.163979,0.00172632,-0.0126798,-0.0436987,0.00162485,0.153172,0.242526,0.207623,-0.149223,-0.142142
0.144202,-0.00146001,-0.0731563,-0.0878117,-0.00120158,0.203628,0.204745,0.1825,-0.0951227,-0.203172
0.114951,0.000737224,-0.0808839,-0.0983318,-0.000644495,0.21151,0.20236,0.193627,-0.11029,-0.207906
0.111378,-0.000215584,0.0145626,0.00590799,-0.00056643,0.0668436,0.179184,0.18804,-0.165007,-0.191686
0.236458,-7.56394e-06,0.00476039,-0.0255954,-0.00130646,-0.0236659,0.183067,0.240474,-0.164295,-0.11036
0.0894431,0.000820246,0.0635308,-0.0338897,0.00167745,0.0582182,0.113025,0.232451,-0.171174,-0.132358
0.286219,0.00136866,0.0608699,-0.0998208,-0.0013336,0.0840236,0.165157,0.210203,-0.0266157,-0.0508194
0.236778,-0.000855973,0.024715,-0.0806619,-0.000282059,0.0766866,0.14456,0.200221,-0.0206977,0.00390907
0.324802,0.000132681,0.0480924,-0.117585,-0.00137003,0.0981688,0.183413,0.169783,-0.0024764,0.0293114
0.352963,0.000179817,0.0658487,-0.172683,-0.00156172,0.0989695,0.197981,0.21673,-0.100143,0.0135299
0.336457,-0.000626956,0.183028,-0.323631,-0.000101097,0.0499559,0.195666,0.194958,-0.119553,0.0371401
0.311374,0.000915854,0.101716,-0.245229,0.00083519,0.133472,0.177756,0.304547,-0.0977983,0.0347141
0.303393,0.00166044,0.0964114,-0.282964,-0.00166841,0.145498,0.170205,0.204864,-0.0629192,0.0310633
0.432631,2.839e-05,0.056378,-0.248484,-0.000669551,0.212868,0.160449,0.119758,-0.134138,-0.102989
0.44816,-0.00122596,0.0854841,-0.26322,-0.000887182,0.221,0.364386,0.10544,-0.103263,-0.0972116
0.27325,0.00106948,-0.00742943,-0.249538,-0.00102676,0.24648,0.344354,0.188179,0.0753567,-0.0694128
0.22384,0.00069347,-0.0789361,-0.190783,-0.00158046,0.24081,0.131124,0.228494,0.0410329,-0.0705777
0.118017,1.51719e-05,-0.0871071,-0.205173,-0.00150902,-0.0719301,0.139713,0.236762,0.0324273,0.0224708
0.0527168,0.000800308,-0.138482,0.0726723,-0.00115057,0.0668388,0.201357,0.312308,-0.0288561,0.0576659
-0.00223074,-0.00106188,-0.138348,0.097939,0.00112077,0.0658652,0.261319,0.310417,-0.0833372,0.0144907
-0.015204,-0.00173349,-0.14174,0.133944,-0.000398784,0.041734,0.214044,0.274741,-0.0946227,-0.0530771
0.0158256,0.000719792,-0.139219,0.257222,-0.00020036,0.036523,0.204335,0.272649,-0.180564,-0.12297
0.0128096,0.000550966,-0.190041,0.201451,-0.000109521,0.061806,0.169779,0.215096,-0.179298,-0.0945531
0.0169008,0.000617753,-0.18308,0.205199,0.000786889,0.20855,0.158348,0.180595,-0.167148,-0.14787
0.00393372,0.000933059,-0.173379,0.193256,-0.000559105,-0.00382039,0.151228,0.195804,-0.115487,-0.164275
0.0502635,0.000372133,-0.095723,0.0425059,-0.000217477,-0.0526198,0.265562,0.280961,-0.116356,-0.166773
-0.125286,8.30871e-05,-0.0893087,0.0935699,0.00161841,-0.217711,0.257036,0.247059,0.00557383,-0.174265
-0.13194,0.0015658,-0.105492,0.249598,0.00171862,-0.043398,0.301062,0.112176,-0.00574564,-0.161914
